,tweet_id,favorite_count,retweet_count,followers_count
0,892420643555336193,39467,8853,3200889
1,892177421306343426,33819,6514,3200889
2,891815181378084864,25461,4328,3200889
3,891689557279858688,42908,8964,3200889
4,891327558926688256,41048,9774,3200889
5,891087950875897856,20562,3261,3200889
6,890971913173991426,12041,2158,3200889
7,890729181411237888,56848,16716,3200889
8,890609185150312448,28226,4429,3200889
9,890240255349198849,32467,7711,3200889
10,890006608113172480,31166,7624,3200889
11,889880896479866881,28268,5156,3200889
12,889665388333682689,38818,8538,3200889
13,889638837579907072,27672,4735,3200889
14,889531135344209921,15359,2321,3200889
15,889278841981685760,25652,5637,3200889
16,888917238123831296,29611,4709,3200889
17,888804989199671297,26080,4559,3200889
18,888554962724278272,20290,3732,3200889
19,888078434458587136,22201,3653,3200889
20,887705289381826560,30779,5609,3200890
21,887517139158093824,46959,12082,3200890
22,887473957103951883,69871,18781,3200890
23,887343217045368832,34222,10737,3200890
24,887101392804085760,31061,6167,3200890
25,886983233522544640,35859,8084,3200890
26,886736880519319552,12306,3443,3200890
27,886680336477933568,22798,4610,3200890
28,886366144734445568,21524,3316,3200890
29,886267009285017600,117,4,3200890
30,886258384151887873,28469,6523,3200890
31,886054160059072513,0,108,3200890
32,885984800019947520,33382,7097,3200890
33,885528943205470208,36689,6683,3200890
34,885518971528720385,20788,3899,3200890
35,885311592912609280,0,19297,3200890
36,885167619883638784,22367,4556,3200890
37,884925521741709313,68152,16439,3200890
38,884876753390489601,28514,6096,3200890
39,884562892145688576,24765,5100,3200890
40,884441805382717440,27478,5856,3200890
41,884247878851493888,74423,21298,3200890
42,884162670584377345,20771,3128,3200890
43,883838122936631299,22349,3586,3200890
44,883482846933004288,46860,10407,3200890
45,883360690899218434,22986,3825,3200890
46,883117836046086144,37914,6949,3200890
47,882992080364220416,24445,4122,3200890
48,882762694511734784,28903,5134,3200890
49,882627270321602560,28382,6342,3200890
50,882268110199369728,45880,12118,3200890
51,882045870035918850,29900,5203,3200890
52,881906580714921986,24773,3533,3200890
53,881666595344535552,51522,11099,3200890
54,881633300179243008,129,7,3200890
55,881536004380872706,50199,16570,3200890
56,881268444196462592,23501,5358,3200890
57,880935762899988482,17346,2886,3200890
58,880872448815771648,21734,3989,3200890
59,880465832366813184,29075,6546,3200890
60,880221127280381952,27640,4436,3200890
61,880095782870896641,28150,4533,3200890
62,879862464715927552,22667,3642,3200890
63,879674319642796034,315,10,3200890
64,879492040517615616,23822,3323,3200890
65,879415818425184262,107956,45849,3200891
66,879376492567855104,17099,3261,3200891
67,879130579576475649,0,7181,3200892
68,879050749262655488,23022,4941,3200892
69,879008229531029506,19317,2812,3200892
70,878776093423087618,19763,4319,3200892
71,878604707211726852,30931,7582,3200892
72,878404777348136964,0,1349,3200892
73,878316110768087041,0,6965,3200892
74,878281511006478336,7913,1349,3200892
75,878057613040115712,42876,7181,3200892
76,877736472329191424,71144,17300,3200892
77,877611172832227328,0,83,3200892
78,877556246731214848,23258,3994,3200892
79,877316821321428993,27907,5414,3200892
80,877201837425926144,27755,5880,3200892
81,876838120628539392,21125,3506,3200892
82,876537666061221889,23869,4800,3200892
83,876484053909872640,19163,2511,3200891
84,876120275196170240,28490,4903,3200891
85,875747767867523072,25773,4497,3200891
86,875144289856114688,22185,5081,3200891
87,875097192612077568,27997,6342,3200891
88,875021211251597312,26022,4922,3200891
89,874680097055178752,28439,4875,3200891
90,874434818259525634,0,15546,3200891
91,874296783580663808,26651,4308,3200891
92,874057562936811520,23134,4125,3200891
93,874012996292530176,35501,11007,3200891
94,873697596434513921,0,12518,3200891
95,873580283840344065,24837,4143,3200891
96,873337748698140672,0,1667,3200891
97,873213775632977920,7467,1667,3200891
98,872967104147763200,28031,5669,3200891
99,872820683541237760,15029,3884,3200891
100,872668790621863937,0,31,3200891
101,872620804844003328,21309,3911,3200891
102,872486979161796608,41606,9429,3200891
103,872261713294495745,35085,6649,3200891
104,872122724285648897,35324,8549,3200891
105,871879754684805121,39090,11918,3200891
106,871762521631449091,20787,3678,3200891
107,871515927908634625,20730,3628,3200891
108,871166179821445120,0,5991,3200891
109,871102520638267392,21461,5764,3200891
110,871032628920680449,23255,3999,3200891
111,870804317367881728,33791,6393,3200891
112,870726314365509632,121,3,3200891
113,870656317836468226,12819,2817,3200891
114,870374049280663552,85011,27680,3200891
115,870308999962521604,22453,4384,3200891
116,870063196459192321,37771,8840,3200891
117,869988702071779329,0,25661,3200891
118,869772420881756160,43710,10663,3200891
119,869702957897576449,29116,6728,3200891
120,869596645499047938,16476,3327,3200891
121,869227993411051520,21112,4023,3200891
122,868880397819494401,55098,12518,3200891
123,868639477480148993,0,2240,3200891
124,868622495443632128,28295,6275,3200891
125,868552278524837888,10539,2240,3200891
126,867900495410671616,24964,4439,3200891
127,867774946302451713,35179,7788,3200891
128,867421006826221569,16755,2697,3200891
129,867072653475098625,0,135,3200891
130,867051520902168576,33420,8425,3200891
131,866816280283807744,0,32883,3200891
132,866720684873056260,20888,5168,3200891
133,866686824827068416,20070,3727,3200891
134,866450705531457537,106827,32883,3200891
135,866334964761202691,54720,15546,3200891
136,866094527597207552,0,8952,3200891
137,865718153858494464,26640,6008,3200891
138,865359393868664832,27530,5384,3200891
139,865006731092295680,29063,8209,3200891
140,864873206498414592,33651,9361,3200891
141,864279568663928832,15195,3266,3200891
142,864197398364647424,31459,9616,3200891
143,863907417377173506,21477,4441,3200891
144,863553081350529029,15935,4489,3200891
145,863471782782697472,0,2687,3200891
146,863432100342583297,24829,5664,3200891
147,863427515083354112,2363,105,3200891
148,863079547188785154,9094,1195,3200891
149,863062471531167744,8945,2687,3200891
150,862831371563274240,20011,5457,3200891
151,862722525377298433,17779,3809,3200891
152,862457590147678208,21492,5388,3200891
153,862096992088072192,66437,21840,3200891
154,861769973181624320,0,37911,3200891
155,861383897657036800,37744,11528,3200891
156,861288531465048066,18032,4479,3200891
157,861005113778896900,17538,4119,3200891
158,860981674716409858,0,2334,3200891
159,860924035999428608,0,882,3200891
160,860563773140209665,7878,2334,3200891
161,860524505164394496,24678,5698,3200891
162,860276583193509888,19154,3745,3200891
163,860184849394610176,17474,6295,3200891
164,860177593139703809,0,33421,3200891
165,859924526012018688,20021,4349,3200891
166,859851578198683649,16105,3780,3200891
167,859607811541651456,19476,1704,3200891
168,859196978902773760,75193,25661,3200891
169,859074603037188101,35553,14740,3200891
170,858860390427611136,0,8805,3200891
171,858843525470990336,16304,3771,3200891
172,858471635011153920,22640,5271,3200891
173,858107933456039936,16524,3154,3200891
174,857989990357356544,16952,2812,3200891
175,857746408056729600,36021,11524,3200891
176,857393404942143489,6236,1785,3200891
177,857263160327368704,21041,4934,3200891
178,857214891891077121,242,20,3200891
179,857062103051644929,0,183,3200891
180,857029823797047296,19910,4364,3200891
181,856602993587888130,0,11633,3200891
182,856543823941562368,17135,3131,3200891
183,856526610513747968,12446,2068,3200891
184,856330835276025856,0,731,3200891
185,856288084350160898,545,17,3200891
186,856282028240666624,29086,6841,3200891
187,855862651834028034,320,27,3200891
188,855860136149123072,4407,1058,3200891
189,855857698524602368,12498,2313,3200891
190,855851453814013952,47844,19196,3200891
191,855818117272018944,28056,5943,3200891
192,855459453768019968,31657,8987,3200891
193,855245323840757760,0,6568,3200891
194,855138241867124737,0,50,3200891
195,854732716440526848,24188,6690,3200891
196,854482394044301312,31131,7608,3200891
197,854365224396361728,20046,5159,3200891
198,854120357044912130,33911,8285,3200892
199,854010172552949760,17169,3433,3200892
200,853760880890318849,30414,6403,3200892
201,853639147608842240,37198,11265,3200892
202,853299958564483072,16508,3928,3200892
203,852936405516943360,0,2243,3200892
204,852912242202992640,9658,2037,3200892
205,852672615818899456,15939,2388,3200891
206,852553447878664193,17492,3885,3200891
207,852311364735569921,35325,10961,3200891
208,852226086759018497,21378,7570,3200891
209,852189679701164033,12217,1741,3200891
210,851953902622658560,0,10706,3200891
211,851861385021730816,0,23,3200891
212,851591660324737024,17300,3819,3200891
213,851464819735769094,25944,7855,3200891
214,851224888060895234,22090,6350,3200891
215,850753642995093505,33348,10352,3200891
216,850380195714523136,13994,2915,3200891
217,850333567704068097,3647,367,3200891
218,850145622816686080,17519,4244,3200891
219,850019790995546112,21944,5459,3200891
220,849776966551130114,32390,8404,3200799
221,849668094696017920,0,5513,3200891
222,849412302885593088,17039,3487,3200891
223,849336543269576704,12240,2101,3200891
224,849051919805034497,32617,7396,3200891
225,848690551926992896,27104,4826,3200891
226,848324959059550208,20229,4037,3200891
227,848213670039564288,8834,832,3200891
228,848212111729840128,17618,3444,3200891
229,847978865427394560,0,3652,3200891
230,847971574464610304,0,482,3200891
231,847962785489326080,25296,5730,3200891
232,847842811428974592,5935,1522,3200891
233,847617282490613760,7558,468,3200891
234,847606175596138505,20208,3774,3200891
235,847251039262605312,22036,4800,3200891
236,847157206088847362,21588,6572,3200891
237,847116187444137987,23108,3583,3200891
238,846874817362120707,21685,4404,3200891
239,846514051647705089,48410,13076,3200891
240,846505985330044928,15304,3492,3200891
241,846153765933735936,34394,10226,3200891
242,846139713627017216,33188,10972,3200891
243,846042936437604353,17256,3224,3200891
244,845812042753855489,31737,9894,3200891
245,845677943972139009,27154,5365,3200891
246,845459076796616705,0,15071,3200891
247,845397057150107648,8241,2072,3200891
248,845306882940190720,25225,6039,3200891
249,845098359547420673,0,8640,3200891
250,844979544864018432,14738,2909,3200891
251,844973813909606400,16361,3617,3200891
252,844704788403113984,42022,11633,3200891
253,844580511645339650,17871,3533,3200891
254,844223788422217728,14753,2450,3200891
255,843981021012017153,16327,3285,3200891
256,843856843873095681,23211,5220,3200891
257,843604394117681152,18310,3081,3200891
258,843235543001513987,23315,6852,3200891
259,842892208864923648,0,56625,3200891
260,842846295480000512,16440,4023,3200891
261,842765311967449089,7321,1439,3200891
262,842535590457499648,19637,3937,3200891
263,842163532590374912,26569,6568,3200891
264,842115215311396866,15204,3386,3200891
265,841833993020538882,0,17504,3200891
266,841680585030541313,27854,8748,3200891
267,841439858740625411,13755,4168,3200891
268,841320156043304961,21402,6080,3200891
269,841314665196081154,17305,5312,3200891
270,841077006473256960,24926,5991,3200891
271,840761248237133825,0,1972,3200891
272,840728873075638272,0,18285,3200891
273,840698636975636481,197,3,3200891
274,840696689258311684,13377,1116,3200891
275,840632337062862849,9761,1972,3200891
276,840370681858686976,17918,5146,3200891
277,840268004936019968,20950,6497,3200891
278,839990271299457024,14640,2597,3200891
279,839549326359670784,29957,8805,3200891
280,839290600511926273,0,158,3200891
281,839239871831150596,29684,7422,3200891
282,838952994649550848,21289,4505,3200891
283,838921590096166913,12183,2357,3200891
284,838916489579200512,0,38,3200891
285,838831947270979586,0,12643,3200891
286,838561493054533637,11892,1504,3200891
287,838476387338051585,24664,5484,3200891
288,838201503651401729,0,11525,3200891
289,838150277551247360,1824,370,3200891
290,838085839343206401,150,0,3200891
291,838083903487373313,19183,3582,3200891
292,837820167694528512,37277,8952,3200891
293,837482249356513284,4204,495,3200891
294,837471256429613056,13967,2631,3200891
295,837366284874571778,23074,6005,3200891
296,837110210464448512,17480,2731,3200891
297,837012587749474308,0,88,3200891
298,836989968035819520,13879,2610,3200891
299,836753516572119041,21029,5237,3200891
300,836677758902222849,13782,2522,3200891
301,836648853927522308,0,626,3200891
302,836397794269200385,0,31314,3200891
303,836380477523124226,16037,3337,3200891
304,836260088725786625,23177,4850,3200891
305,836001077879255040,20924,4935,3200891
306,835685285446955009,0,9327,3200891
307,835574547218894849,19447,4121,3200891
308,835536468978302976,0,1939,3200891
309,835309094223372289,0,24013,3200891
310,835297930240217089,17847,3381,3200891
311,835264098648616962,8503,1939,3200891
312,835246439529840640,2259,83,3200891
313,835172783151792128,28552,6516,3200891
314,835152434251116546,24574,3443,3200891
315,834931633769889797,11838,1878,3200891
316,834786237630337024,22943,6159,3200891
317,834574053763584002,14993,2882,3200890
318,834477809192075265,0,12224,3200890
319,834458053273591808,10512,1899,3200890
320,834209720923721728,22594,5476,3200890
321,834167344700198914,17194,4130,3200890
322,834089966724603904,10971,2427,3200890
323,834086379323871233,14296,2512,3200890
324,833863086058651648,14661,2729,3200891
325,833826103416520705,16728,3904,3200891
326,833732339549220864,0,251,3200891
327,833722901757046785,22585,3636,3200891
328,833479644947025920,16258,2357,3200892
329,833124694597443584,22133,5513,3200892
330,832998151111966721,14549,2522,3200892
331,832769181346996225,0,43,3200892
332,832757312314028032,18423,4127,3200800
333,832682457690300417,13017,3368,3200892
334,832645525019123713,3195,594,3200892
335,832636094638288896,17379,3220,3200892
336,832397543355072512,13126,2548,3200892
337,832369877331693569,18792,3652,3200892
338,832273440279240704,12385,2673,3200892
339,832215909146226688,0,7069,3200892
340,832215726631055365,0,10723,3200892
341,832088576586297345,72,3,3200892
342,832040443403784192,0,11131,3200892
343,832032802820481025,13887,4746,3200892
344,831939777352105988,26404,7031,3200892
345,831926988323639298,369,39,3200892
346,831911600680497154,30380,7458,3200892
347,831670449226514432,11469,2059,3200892
348,831650051525054464,7908,2243,3200892
349,831552930092285952,9872,2632,3200892
350,831322785565769729,10042,1744,3200892
351,831315979191906304,7117,1264,3200892
352,831309418084069378,12819,2786,3200892
353,831262627380748289,13066,2350,3200892
354,830956169170665475,8735,1735,3200892
355,830583320585068544,73397,19297,3200892
356,830173239259324417,0,6554,3200892
357,830097400375152640,10804,3455,3200892
358,829878982036299777,0,5757,3200892
359,829861396166877184,13441,2243,3200892
360,829501995190984704,34913,12224,3200892
361,829449946868879360,11519,2329,3200892
362,829374341691346946,38074,10706,3200892
363,829141528400556032,26952,8530,3200892
364,829011960981237760,58302,18627,3200892
365,828801551087042563,0,3901,3200892
366,828770345708580865,28085,6746,3200892
367,828708714936930305,40241,12882,3200892
368,828650029636317184,10467,1544,3200892
369,828409743546925057,6898,1305,3200892
370,828408677031882754,8398,1477,3200892
371,828381636999917570,13864,2554,3200892
372,828376505180889089,8112,1216,3200892
373,828372645993398273,13756,3344,3200892
374,828361771580813312,2408,195,3200892
375,828046555563323392,12923,3260,3200892
376,828011680017821696,11411,2451,3200892
377,827933404142436356,22180,5987,3200892
378,827653905312006145,16983,3433,3200892
379,827600520311402496,8143,1082,3200892
380,827324948884643840,17523,3510,3200892
381,827228250799742977,0,13517,3200892
382,827199976799354881,11659,2579,3200892
383,826958653328592898,23767,5757,3200892
384,826848821049180160,40325,11878,3200892
385,826615380357632002,0,4521,3200892
386,826598799820865537,5637,292,3200892
387,826598365270007810,11117,2709,3200892
388,826476773533745153,20275,4821,3200892
389,826240494070030336,14614,2965,3200892
390,826204788643753985,5361,1075,3200892
391,826115272272650244,17299,3599,3200892
392,825876512159186944,11525,2146,3200893
393,825829644528148480,14025,2848,3200893
394,825535076884762624,56413,19669,3200894
395,825147591692263424,20181,5244,3200894
396,825120256414846976,0,1483,3200894
397,825026590719483904,7020,1483,3200894
398,824796380199809024,0,6288,3200894
399,824775126675836928,16508,4069,3200894
400,824663926340194305,11113,1993,3200894
401,824325613288833024,12999,11848,3200894
402,824297048279236611,16625,4463,3200894
403,824025158776213504,5255,679,3200894
404,823939628516474880,11755,3123,3200894
405,823719002937630720,0,12953,3200894
406,823699002998870016,13826,2772,3200894
407,823581115634085888,14376,3031,3200894
408,823333489516937216,777,31,3200894
409,823322678127919110,17437,4637,3200894
410,823269594223824897,0,11421,3200894
411,822975315408461824,19139,3958,3200894
412,822872901745569793,132810,48265,3200894
413,822859134160621569,14576,2622,3200894
414,822647212903690241,0,7390,3200894
415,822610361945911296,16327,3423,3200894
416,822489057087389700,20083,7390,3200894
417,822462944365645825,31800,17209,3200894
418,822244816520155136,38832,11421,3200894
419,822163064745328640,0,5571,3200894
420,821886076407029760,12582,2692,3200894
421,821813639212650496,0,3839,3200894
422,821765923262631936,9317,1899,3200894
423,821522889702862852,8871,2030,3200894
424,821421320206483457,0,6470,3200894
425,821407182352777218,13075,5053,3200894
426,821153421864615936,280,10,3200894
427,821149554670182400,9718,2320,3200894
428,821107785811234820,10645,2487,3200894
429,821044531881721856,14021,2636,3200894
430,820837357901512704,0,7733,3200894
431,820749716845686786,34984,11525,3200894
432,820690176645140481,13518,3716,3200894
433,820494788566847489,0,648,3200802
434,820446719150292993,0,2980,3200894
435,820314633777061888,3706,648,3200894
436,820078625395449857,21979,7246,3200894
437,820013781606658049,0,1369,3200894
438,819952236453363712,5927,1369,3200894
439,819924195358416896,14305,5607,3200894
440,819711362133872643,14916,3604,3200894
441,819588359383371776,10606,2271,3200894
442,819347104292290561,8008,1383,3200894
443,819238181065359361,2550,462,3200894
444,819227688460238848,25652,7733,3200894
445,819015337530290176,0,42228,3200894
446,819015331746349057,0,21794,3200894
447,819006400881917954,49960,21794,3200894
448,819004803107983360,95450,42228,3200894
449,818646164899774465,0,24069,3200894
450,818627210458333184,24597,8564,3200894
451,818614493328580609,10971,2982,3200894
452,818588835076603904,0,7126,3200894
453,818536468981415936,12127,2873,3200894
454,818307523543449600,0,9366,3200894
455,818259473185828864,12197,2621,3200894
456,818145370475810820,13671,3014,3200894
457,817908911860748288,5356,906,3200894
458,817827839487737858,57622,31314,3200894
459,817777686764523521,11901,3084,3200894
460,817536400337801217,13105,3505,3200894
461,817502432452313088,0,3917,3200894
462,817423860136083457,38260,17504,3200894
463,817415592588222464,6267,1131,3200894
464,817181837579653120,0,9907,3200895
465,817171292965273600,9690,2326,3200895
466,817120970343411712,13367,3011,3200895
467,817056546584727552,9517,1927,3200895
468,816829038950027264,0,5496,3200895
469,816816676327063552,11071,2361,3200895
470,816697700272001025,10905,2545,3200895
471,816450570814898180,33961,9366,3200895
472,816336735214911488,9564,2269,3200895
473,816091915477250048,9927,2500,3200895
474,816062466425819140,0,1207,3200895
475,816014286006976512,0,6154,3200895
476,815990720817401858,5545,1207,3200895
477,815966073409433600,25057,9907,3200895
478,815745968457060357,0,4797,3200895
479,815736392542261248,10937,2625,3200895
480,815639385530101762,9161,1918,3200895
481,815390420867969024,11467,4407,3200895
482,814986499976527872,8485,1505,3200895
483,814638523311648768,12511,3130,3200895
484,814578408554463233,0,6750,3200895
485,814530161257443328,9629,2156,3200895
486,814153002265309185,32000,10080,3200895
487,813944609378369540,0,3732,3200895
488,813910438903693312,10342,2194,3200895
489,813812741911748608,40402,16267,3200895
490,813800681631023104,9300,2060,3200895
491,813217897535406080,20783,8476,3200895
492,813202720496779264,10192,2090,3200895
493,813187593374461952,22085,5096,3200895
494,813172488309972993,10384,2236,3200895
495,813157409116065792,8588,2557,3200895
496,813142292504645637,9361,2728,3200895
497,813130366689148928,4968,513,3200895
498,813127251579564032,13242,3652,3200895
499,813112105746448384,11515,3225,3200895
500,813096984823349248,11694,4207,3200895
501,813081950185472002,10989,3220,3200895
502,813066809284972545,8865,2276,3200895
503,813051746834595840,23337,8503,3200895
504,812781120811126785,8380,2191,3200895
505,812747805718642688,0,8067,3200895
506,812709060537683968,7373,1665,3200895
507,812503143955202048,6787,1424,3200895
508,812466873996607488,8900,2231,3200895
509,812372279581671427,15224,4252,3200895
510,811985624773361665,8102,1647,3200895
511,811744202451197953,8429,1884,3200895
512,811647686436880384,6215,872,3200895
513,811627233043480576,14265,3650,3200895
514,811386762094317568,23302,7444,3200895
515,810984652412424192,5927,1655,3200896
516,810896069567610880,10093,2090,3200896
517,810657578271330305,12192,3057,3200896
518,810284430598270976,39640,13369,3200896
519,810254108431155201,16380,3901,3200896
520,809920764300447744,17250,4521,3200896
521,809808892968534016,0,5711,3200896
522,809448704142938112,7727,1696,3200896
523,809220051211603969,22246,6554,3200896
524,809084759137812480,14685,4046,3200896
525,808838249661788160,11271,3536,3200896
526,808733504066486276,8784,2509,3200896
527,808501579447930884,12595,3007,3200896
528,808344865868283904,47281,24069,3200896
529,808134635716833280,0,6961,3200896
530,808106460588765185,9701,2525,3200896
531,808001312164028416,14015,4098,3200896
532,807621403335917568,16236,4288,3200896
533,807106840509214720,107015,56625,3200896
534,807059379405148160,0,8521,3200897
535,807010152071229440,14514,4418,3200897
536,806629075125202948,75639,37911,3200897
537,806620845233815552,0,6426,3200897
538,806576416489959424,5370,2230,3200897
539,806542213899489280,11363,2752,3200897
540,806242860592926720,0,13616,3200897
541,806219024703037440,7145,1388,3200897
542,805958939288408065,0,6238,3200897
543,805932879469572096,9178,2209,3200897
544,805826884734976000,7335,2132,3200897
545,805823200554876929,0,9374,3200897
546,805520635690676224,6368,1905,3200897
547,805487436403003392,9773,2929,3200897
548,805207613751304193,8680,1972,3200897
549,804738756058218496,15326,4480,3200897
550,804475857670639616,6886,2355,3200897
551,804413760345620481,0,3712,3200897
552,804026241225523202,49774,18876,3200897
553,803773340896923648,11203,3220,3200897
554,803692223237865472,0,8689,3200897
555,803638050916102144,12270,4828,3200897
556,803380650405482500,8601,2169,3200897
557,803321560782307329,0,6221,3200897
558,803276597545603072,11207,2887,3200897
559,802952499103731712,10085,2336,3200897
560,802624713319034886,0,3403,3200897
561,802600418706604034,7938,1714,3200897
562,802572683846291456,9959,2926,3200897
563,802323869084381190,18124,6808,3200898
564,802265048156610565,7039,1573,3200898
565,802247111496568832,0,5247,3200898
566,802239329049477120,10132,3040,3200898
567,802185808107208704,0,314,3200898
568,801958328846974976,8608,1992,3200898
569,801854953262350336,1958,275,3200898
570,801538201127157760,9141,2391,3200898
571,801285448605831168,6802,960,3200898
572,801167903437357056,27386,6961,3200898
573,801127390143516673,0,4627,3200898
574,801115127852503040,8992,2429,3200898
575,800859414831898624,778,113,3200898
576,800855607700029440,0,1889,3200898
577,800751577355128832,11701,3214,3200898
578,800513324630806528,14685,3495,3200898
579,800459316964663297,10538,2489,3200898
580,800443802682937345,0,5068,3200898
581,800388270626521089,12456,3265,3200898
582,800188575492947969,0,4581,3200898
583,800141422401830912,17092,2980,3200898
584,800018252395122689,31768,15351,3200898
585,799774291445383169,0,5488,3200898
586,799757965289017345,9390,2506,3200898
587,799422933579902976,8965,2213,3200898
588,799308762079035393,0,6478,3200898
589,799297110730567681,11065,3227,3200898
590,799063482566066176,9058,2863,3200898
591,798933969379225600,14712,5203,3200898
592,798925684722855936,8246,1663,3200898
593,798705661114773508,0,7724,3200898
594,798701998996647937,0,9126,3200898
595,798697898615730177,0,7602,3200898
596,798694562394996736,0,5812,3200898
597,798686750113755136,0,2702,3200898
598,798682547630837760,0,5515,3200899
599,798673117451325440,0,6485,3200899
600,798665375516884993,0,4519,3200899
601,798644042770751489,0,2153,3200899
602,798628517273620480,0,2272,3200899
603,798585098161549313,0,6618,3200900
604,798576900688019456,0,6871,3200900
605,798340744599797760,0,3924,3200900
606,798209839306514432,11548,2954,3200900
607,797971864723324932,13018,3652,3200900
608,797545162159308800,16198,5656,3200900
609,797236660651966464,22328,7726,3200900
610,797165961484890113,256,32,3200900
611,796904159865868288,0,10411,3200900
612,796865951799083009,8564,2198,3200900
613,796759840936919040,13256,3562,3200900
614,796563435802726400,0,8536,3200900
615,796484825502875648,8472,2042,3200900
616,796387464403357696,12334,4861,3200900
617,796177847564038144,0,16628,3200900
618,796149749086875649,36177,16628,3200900
619,796125600683540480,5511,2079,3200900
620,796116448414461957,10139,2813,3200900
621,796080075804475393,9469,2703,3200900
622,796031486298386433,12071,4284,3200900
623,795464331001561088,55683,27728,3200900
624,795400264262053889,11270,3323,3200900
625,795076730285391872,18139,6288,3200900
626,794983741416415232,0,3942,3200900
627,794926597468000259,11492,2697,3200900
628,794355576146903043,0,12014,3200900
629,794332329137291264,10686,3088,3200900
630,794205286408003585,10314,3895,3200900
631,793962221541933056,18910,5711,3200900
632,793845145112371200,10295,2187,3200900
633,793614319594401792,0,3661,3200900
634,793601777308463104,8926,1908,3200900
635,793500921481273345,11953,2786,3200900
636,793286476301799424,27597,10723,3200900
637,793271401113350145,9677,2763,3200900
638,793256262322548741,22350,9714,3200901
639,793241302385262592,11780,3812,3200901
640,793226087023144960,11001,3338,3200901
641,793210959003287553,9997,3301,3200901
642,793195938047070209,17063,6547,3200901
643,793180763617361921,7740,2310,3200901
644,793165685325201412,10478,3238,3200901
645,793150605191548928,6909,1984,3200901
646,793135492858580992,7214,2893,3200901
647,793120401413079041,14202,4551,3200901
648,792913359805018113,16063,4715,3200901
649,792883833364439040,12666,4964,3200901
650,792773781206999040,8209,1963,3200901
651,792394556390137856,15128,4998,3200901
652,792050063153438720,8029,2088,3200901
653,791821351946420224,0,24514,3200901
654,791784077045166082,0,11271,3200809
655,791780927877898241,0,4432,3200901
656,791774931465953280,37818,21156,3200901
657,791672322847637504,13129,3661,3200901
658,791406955684368384,14670,4797,3200901
659,791312159183634433,9841,2963,3200901
660,791026214425268224,0,4858,3200901
661,790987426131050500,11089,2483,3200901
662,790946055508652032,18601,5496,3200901
663,790723298204217344,0,2704,3200901
664,790698755171364864,9158,2203,3200901
665,790581949425475584,22473,8183,3200901
666,790337589677002753,8740,2167,3200901
667,790277117346975746,14081,3732,3200901
668,790227638568808452,0,4190,3200901
669,789986466051088384,10369,2704,3200901
670,789960241177853952,0,4839,3200901
671,789903600034189313,11673,4858,3200901
672,789628658055020548,8448,2080,3200901
673,789599242079838210,7620,2279,3200901
674,789530877013393408,13188,3942,3200901
675,789314372632018944,9615,2666,3200901
676,789280767834746880,0,5747,3200901
677,789268448748703744,10196,3014,3200901
678,789137962068021249,10875,3244,3200901
679,788908386943430656,30653,14409,3200901
680,788765914992902144,30658,12014,3200901
681,788552643979468800,0,8407,3200901
682,788412144018661376,16060,5990,3200901
683,788178268662984705,8100,2488,3200901
684,788150585577050112,6865,1510,3200901
685,788070120937619456,0,3952,3200901
686,788039637453406209,6867,1535,3200901
687,787810552592695296,9717,3540,3200901
688,787717603741622272,11416,3240,3200901
689,787397959788929025,12120,3300,3200901
690,787322443945877504,8726,2032,3200901
691,787111942498508800,0,7798,3200901
692,786963064373534720,29725,9327,3200901
693,786729988674449408,0,2827,3200901
694,786709082849828864,20296,7069,3200901
695,786664955043049472,11957,2996,3200901
696,786595970293370880,10497,3601,3200901
697,786363235746385920,12189,4072,3200901
698,786286427768250368,8930,3352,3200901
699,786233965241827333,17178,5571,3200901
700,786051337297522688,1614,179,3200901
701,786036967502913536,0,8237,3200901
702,785927819176054784,12696,3652,3200901
703,785872687017132033,7489,2130,3200901
704,785639753186217984,8735,2561,3200901
705,785533386513321988,10183,2334,3200901
706,785515384317313025,6800,1477,3200901
707,785264754247995392,8128,1911,3200901
708,785170936622350336,13491,5639,3200901
709,784826020293709826,11310,3712,3200901
710,784517518371221505,10039,2970,3200901
711,784431430411685888,6329,1491,3200901
712,784183165795655680,22513,9374,3200901
713,784057939640352768,33505,12953,3200901
714,783839966405230592,33689,12643,3200901
715,783821107061198850,8209,2269,3200901
716,783695101801398276,11650,3737,3200901
717,783466772167098368,9468,2608,3200901
718,783391753726550016,18908,6441,3200901
719,783347506784731136,0,6533,3200901
720,783334639985389568,32651,13616,3200901
721,783085703974514689,9112,2565,3200901
722,782969140009107456,26949,8521,3200901
723,782747134529531904,8310,1604,3200901
724,782722598790725632,19250,6238,3200901
725,782598640137187329,8694,2184,3200901
726,782305867769217024,18630,6470,3200901
727,782021823840026624,0,7236,3200901
728,781955203444699136,12357,3920,3200901
729,781661882474196992,11634,3129,3200901
730,781655249211752448,4466,1314,3200901
731,781524693396357120,23163,6426,3200901
732,781308096455073793,7973,2961,3200901
733,781251288990355457,9428,2458,3200901
734,781163403222056960,10895,3168,3200901
735,780931614150983680,24192,8536,3200901
736,780858289093574656,8033,2328,3200901
737,780800785462489090,6141,1505,3200901
738,780601303617732608,13525,3839,3200901
739,780543529827336192,7040,2032,3200901
740,780496263422808064,0,4319,3200901
741,780476555013349377,0,136,3200901
742,780459368902959104,5892,1224,3200901
743,780192070812196864,9712,2589,3200901
744,780092040432480260,0,2655,3200901
745,780074436359819264,13723,5815,3200901
746,779834332596887552,21252,8237,3200901
747,779377524342161408,9831,3613,3200901
748,779124354206535695,0,21324,3200901
749,779123168116150273,13206,4207,3200901
750,779056095788752897,16500,5247,3200901
751,778990705243029504,22342,8437,3200901
752,778774459159379968,0,11550,3200901
753,778764940568104960,955,426,3200901
754,778748913645780993,7717,1562,3200901
755,778650543019483137,6430,1729,3200901
756,778624900596654080,5177,1176,3200901
757,778408200802557953,15135,5023,3200902
758,778396591732486144,0,14198,3200902
759,778383385161035776,6515,1271,3200902
760,778286810187399168,11576,3836,3200902
761,778039087836069888,9417,3065,3200902
762,778027034220126208,7320,1885,3200810
763,777953400541634568,0,4080,3200902
764,777885040357281792,7078,1893,3200902
765,777684233540206592,12518,3403,3200902
766,777641927919427584,0,4947,3200902
767,777621514455814149,9742,2910,3200902
768,777189768882946048,15921,4999,3200902
769,776819012571455488,0,15839,3200902
770,776813020089548800,5444,1405,3200902
771,776477788987613185,9858,3249,3200902
772,776249906839351296,0,10673,3200902
773,776218204058357768,33345,18497,3200902
774,776201521193218049,10681,2919,3200902
775,776113305656188928,13102,5068,3200902
776,776088319444877312,2045,179,3200902
777,775898661951791106,0,17621,3200902
778,775842724423557120,13022,3116,3200902
779,775733305207554048,15413,4627,3200902
780,775729183532220416,14361,5302,3200902
781,775364825476165632,8295,3472,3200903
782,775350846108426240,11309,4532,3200903
783,775096608509886464,0,9220,3200903
784,775085132600442880,17281,5488,3200903
785,774757898236878852,9462,2035,3200903
786,774639387460112384,7508,2013,3200904
787,774314403806253056,24167,6478,3200904
788,773985732834758656,11925,4492,3200904
789,773922284943896577,7110,1999,3200904
790,773704687002451968,7317,1891,3200904
791,773670353721753600,5935,1501,3200904
792,773547596996571136,24553,7126,3200904
793,773336787167145985,0,5912,3200904
794,773308824254029826,25846,8640,3200904
795,773247561583001600,10414,3699,3200904
796,773191612633579521,11117,4736,3200904
797,772877495989305348,9555,4501,3200904
798,772826264096874500,8842,2669,3200904
799,772615324260794368,0,3914,3200904
800,772581559778025472,7192,1968,3200904
801,772193107915964416,6665,1612,3200904
802,772152991789019136,4181,1300,3200905
803,772117678702071809,4165,848,3200905
804,772114945936949249,3005,546,3200905
805,772102971039580160,4448,1065,3200905
806,771908950375665664,7298,2181,3200905
807,771770456517009408,13356,3924,3200905
808,771500966810099713,9167,3018,3200905
809,771380798096281600,11746,5912,3200905
810,771171053431250945,0,8705,3200905
811,771136648247640064,10223,3357,3200905
812,771102124360998913,6898,1663,3200905
813,771014301343748096,7032,1782,3200905
814,770787852854652928,5498,1415,3200905
815,770772759874076672,5749,1626,3200905
816,770743923962707968,0,52360,3200905
817,770655142660169732,8130,2013,3200905
818,770414278348247044,6987,2390,3200905
819,770293558247038976,6923,1718,3200905
820,770093767776997377,0,3520,3200905
821,770069151037685760,8385,2651,3200905
822,769940425801170949,34948,11131,3200905
823,769695466921623552,7101,1926,3200906
824,769335591808995329,0,8830,3200906
825,769212283578875904,5980,1969,3200906
826,768970937022709760,16017,7574,3200906
827,768909767477751808,0,3129,3200906
828,768855141948723200,4660,1034,3200906
829,768609597686943744,4580,1382,3200906
830,768596291618299904,5592,1473,3200906
831,768554158521745409,0,6719,3200906
832,768473857036525572,15110,3958,3200906
833,768193404517830656,12157,4080,3200906
834,767884188863397888,5309,1634,3200906
835,767754930266464257,17814,6221,3200906
836,767500508068192258,8295,2688,3200906
837,767191397493538821,13643,4406,3200906
838,767122157629476866,11227,3261,3200906
839,766864461642756096,0,6521,3200906
840,766793450729734144,5650,1565,3200906
841,766714921925144576,2872,438,3200906
842,766693177336135680,4484,918,3200906
843,766423258543644672,6671,1825,3200906
844,766313316352462849,7493,2166,3200906
845,766078092750233600,0,2970,3200906
846,766069199026450432,4765,1003,3200906
847,766008592277377025,4149,571,3200906
848,765719909049503744,8021,2475,3200906
849,765669560888528897,5760,1407,3200907
850,765395769549590528,20539,3127,3200907
851,765371061932261376,7842,2475,3200907
852,765222098633691136,12902,3914,3200907
853,764857477905154048,7099,2029,3200907
854,764259802650378240,6718,1745,3200907
855,763956972077010945,812,61,3200907
856,763837565564780549,14041,4858,3200907
857,763183847194451968,6004,1702,3200907
858,763167063695355904,0,3484,3200907
859,763103485927849985,8163,2602,3200907
860,762699858130116608,13518,4190,3200907
861,762471784394268675,12571,7612,3200907
862,762464539388485633,11503,4839,3200908
863,762316489655476224,5350,1298,3200908
864,762035686371364864,35400,17919,3200908
865,761976711479193600,5992,2310,3200908
866,761750502866649088,0,4535,3200816
867,761745352076779520,4707,979,3200908
868,761672994376806400,55016,33421,3200908
869,761599872357261312,4578,1336,3200908
870,761371037149827077,0,20500,3200908
871,761334018830917632,5792,1669,3200908
872,761292947749015552,4957,1265,3200908
873,761227390836215808,5908,1775,3200908
874,761004547850530816,12482,3952,3200908
875,760893934457552897,4228,1104,3200908
876,760656994973933572,7343,2210,3200908
877,760641137271070720,5485,1481,3200908
878,760539183865880579,8399,4168,3200908
879,760521673607086080,4681,1608,3200908
880,760290219849637889,29618,13140,3200908
881,760252756032651264,4338,995,3200908
882,760190180481531904,6334,2079,3200908
883,760153949710192640,0,38,3200908
884,759943073749200896,6581,2382,3200908
885,759923798737051648,16284,6521,3200908
886,759846353224826880,7433,2265,3200908
887,759793422261743616,6620,2173,3200908
888,759566828574212096,0,24319,3200908
889,759557299618865152,5202,1341,3200908
890,759447681597108224,9418,2827,3200908
891,759446261539934208,1846,561,3200908
892,759197388317847553,6725,2221,3200908
893,759159934323924993,0,1359,3200908
894,759099523532779520,16101,4813,3200908
895,759047813560868866,7227,2302,3200908
896,758854675097526272,3904,1027,3200908
897,758828659922702336,12376,4376,3200908
898,758740312047005698,6339,1824,3200942
899,758474966123810816,4227,1132,3200942
900,758467244762497024,5316,2539,3200942
901,758405701903519748,5756,2204,3200942
902,758355060040593408,3797,1245,3200943
903,758099635764359168,21302,11550,3200943
904,758041019896193024,3001,433,3200943
905,757741869644341248,7613,3710,3200943
906,757729163776290825,0,9299,3200943
907,757725642876129280,5022,1391,3200943
908,757611664640446465,5026,1272,3200943
909,757597904299253760,0,336,3200943
910,757596066325864448,4808,1219,3200943
911,757400162377592832,16743,7759,3200943
912,757393109802180609,6462,2009,3200943
913,757354760399941633,4995,1637,3200943
914,756998049151549440,6923,2271,3200943
915,756939218950160384,7342,2295,3200943
916,756651752796094464,5612,1511,3200943
917,756526248105566208,11506,4169,3200943
918,756303284449767430,4359,1231,3200943
919,756288534030475264,28519,15071,3200943
920,756275833623502848,7114,1738,3200943
921,755955933503782912,8092,3285,3200943
922,755206590534418437,18212,6148,3200943
923,755110668769038337,23446,12621,3200943
924,754874841593970688,0,9193,3200943
925,754856583969079297,7616,2870,3200943
926,754747087846248448,2854,591,3200943
927,754482103782404096,5852,2220,3200943
928,754449512966619136,4147,846,3200943
929,754120377874386944,8655,2670,3200943
930,754011816964026368,9726,4079,3200943
931,753655901052166144,6458,2492,3200943
932,753420520834629632,8731,4071,3200943
933,753398408988139520,6384,2186,3200943
934,753375668877008896,8411,2655,3200943
935,753298634498793472,0,6620,3200943
936,753294487569522689,3758,1191,3200943
937,753039830821511168,41080,24013,3200943
938,753026973505581056,4283,1109,3200943
939,752932432744185856,13970,7798,3200943
940,752917284578922496,7592,1790,3200943
941,752701944171524096,0,3291,3200943
942,752682090207055872,6642,1846,3200943
943,752660715232722944,4878,1794,3200943
944,752568224206688256,6140,2605,3200943
945,752519690950500352,8157,3917,3200943
946,752334515931054080,4238,1263,3200943
947,752309394570878976,0,18963,3200943
948,752173152931807232,6569,2106,3200943
949,751950017322246144,3415,1060,3200943
950,751937170840121344,5770,1530,3200943
951,751830394383790080,6428,2227,3200943
952,751793661361422336,6479,3320,3200943
953,751598357617971201,8699,3440,3200943
954,751583847268179968,4849,1265,3200943
955,751538714308972544,5547,1445,3200943
956,751456908746354688,3516,1127,3200943
957,751251247299190784,13791,6695,3200943
958,751205363882532864,6948,2086,3200943
959,751132876104687617,5610,1480,3200943
960,750868782890057730,5306,1595,3200943
961,750719632563142656,14621,5747,3200943
962,750506206503038976,4934,1316,3200943
963,750429297815552001,14569,4947,3200943
964,750383411068534784,5005,1309,3200943
965,750381685133418496,758,39,3200943
966,750147208377409536,3409,1095,3200943
967,750132105863102464,3990,1440,3200943
968,750117059602808832,4740,1466,3200943
969,750101899009982464,3344,959,3200943
970,750086836815486976,2383,613,3200943
971,750071704093859840,8653,3802,3200943
972,750056684286914561,3444,1011,3200943
973,750041628174217216,3502,703,3200943
974,750026558547456000,2986,888,3200943
975,750011400160841729,3568,1035,3200943
976,749996283729883136,3331,919,3200943
977,749981277374128128,5569,2772,3200943
978,749774190421639168,5114,1493,3200943
979,749417653287129088,6721,1904,3200943
980,749403093750648834,2892,622,3200943
981,749395845976588288,9488,3951,3200943
982,749317047558017024,6076,2509,3200943
983,749075273010798592,6353,2360,3200943
984,749064354620928000,5277,1714,3200943
985,749036806121881602,3425,896,3200943
986,748977405889503236,11235,3759,3200943
987,748932637671223296,6461,2564,3200943
988,748705597323898880,3047,1067,3200943
989,748699167502000129,5213,1814,3200943
990,748692773788876800,4659,1504,3200851
991,748575535303884801,6696,2272,3200943
992,748568946752774144,2411,776,3200943
993,748346686624440324,5735,1413,3200943
994,748337862848962560,8462,4701,3200943
995,748324050481647620,4078,867,3200943
996,748307329658011649,4027,810,3200943
997,748220828303695873,15549,8825,3200943
998,747963614829678593,6397,2444,3200943
999,747933425676525569,7310,2894,3200943
1000,747885874273214464,3243,1116,3200943
1001,747844099428986880,3084,851,3200943
1002,747816857231626240,5346,1316,3200943
1003,747651430853525504,1520,179,3200943
1004,747648653817413632,14182,6614,3200943
1005,747600769478692864,2545,619,3200943
1006,747594051852075008,4065,1205,3200943
1007,747512671126323200,6110,1803,3200943
1008,747461612269887489,4249,1169,3200943
1009,747439450712596480,5965,2184,3200943
1010,747242308580548608,0,3257,3200943
1011,747219827526344708,5792,1791,3200943
1012,747204161125646336,3722,1038,3200943
1013,747103485104099331,10534,4548,3200943
1014,746906459439529985,3168,336,3200943
1015,746872823977771008,6593,2429,3200943
1016,746818907684614144,5807,1944,3200943
1017,746790600704425984,5345,1806,3200943
1018,746757706116112384,10520,4432,3200943
1019,746726898085036033,6648,2037,3200943
1020,746542875601690625,5520,2104,3200943
1021,746521445350707200,0,1110,3200943
1022,746507379341139972,5094,1226,3200943
1023,746369468511756288,6637,1854,3200943
1024,746131877086527488,7565,2511,3200943
1025,746056683365994496,3904,931,3200943
1026,745789745784041472,4437,1207,3200943
1027,745712589599014916,7652,2636,3200943
1028,745433870967832576,7824,2894,3200943
1029,745422732645535745,9412,2768,3200943
1030,745314880350101504,7863,3131,3200943
1031,745074613265149952,8605,3976,3200943
1032,745057283344719872,7945,2585,3200943
1033,744995568523612160,3277,716,3200943
1034,744971049620602880,8652,3042,3200943
1035,744709971296780288,6150,1771,3200943
1036,744334592493166593,7443,2412,3200943
1037,744234799360020481,131075,79515,3200943
1038,744223424764059648,1868,424,3200943
1039,743980027717509120,4551,1231,3200943
1040,743895849529389061,3999,1087,3200943
1041,743835915802583040,0,2387,3200943
1042,743609206067040256,4917,1560,3200943
1043,743595368194129920,20275,7445,3200943
1044,743545585370791937,3863,1066,3200943
1045,743510151680958465,8671,4185,3200943
1046,743253157753532416,4624,1366,3200943
1047,743222593470234624,6792,2164,3200943
1048,743210557239623680,4215,1560,3200943
1049,742534281772302336,7744,4011,3200943
1050,742528092657332225,4878,2245,3200943
1051,742465774154047488,7916,4382,3200943
1052,742423170473463808,10812,4319,3200943
1053,742385895052087300,7457,2266,3200943
1054,742161199639494656,4743,1547,3200943
1055,742150209887731712,5661,1783,3200943
1056,741793263812808706,4982,1698,3200943
1057,741743634094141440,8945,3144,3200943
1058,741438259667034112,4026,937,3200943
1059,741303864243200000,9631,3650,3200943
1060,741099773336379392,10997,6247,3200943
1061,741067306818797568,10342,3520,3200943
1062,740995100998766593,7018,3154,3200943
1063,740711788199743490,3736,1062,3200943
1064,740699697422163968,3101,888,3200943
1065,740676976021798912,19881,7724,3200851
1066,740373189193256964,20648,9220,3200943
1067,740365076218183684,2727,495,3200943
1068,740359016048689152,3610,967,3200943
1069,740214038584557568,7335,2220,3200943
1070,739979191639244800,21898,6719,3200943
1071,739932936087216128,4443,1217,3200943
1072,739844404073074688,4138,966,3200943
1073,739623569819336705,4185,1547,3200943
1074,739606147276148736,5897,1876,3200943
1075,739544079319588864,43694,24319,3200943
1076,739485634323156992,7887,3309,3200943
1077,739238157791694849,75163,52360,3200943
1078,738891149612572673,115,6,3200943
1079,738885046782832640,4127,1283,3200943
1080,738883359779196928,3661,917,3200943
1081,738537504001953792,5575,1759,3200943
1082,738402415918125056,3599,955,3200943
1083,738184450748633089,4727,1360,3200943
1084,738166403467907072,9635,3828,3200943
1085,738156290900254721,2768,748,3200943
1086,737826014890496000,5757,2006,3200943
1087,737800304142471168,10943,3904,3200943
1088,737678689543020544,5528,1509,3200943
1089,737445876994609152,11302,5048,3200943
1090,737322739594330112,3953,907,3200943
1091,737310737551491075,16040,8329,3200943
1092,736736130620620800,4736,1972,3200943
1093,736392552031657984,19450,8407,3200943
1094,736365877722001409,4367,1408,3200943
1095,736225175608430592,8901,3115,3200943
1096,736010884653420544,8652,3355,3200943
1097,735991953473572864,3934,1283,3200944
1098,735648611367784448,4397,1237,3200944
1099,735635087207878657,6776,2659,3200944
1100,735274964362878976,9629,4707,3200944
1101,735256018284875776,3675,993,3200944
1102,735137028879360001,3428,1092,3200944
1103,734912297295085568,2993,572,3200944
1104,734787690684657664,13745,7102,3200944
1105,734776360183431168,2742,608,3200944
1106,734559631394082816,1646,451,3200944
1107,733828123016450049,3926,881,3200944
1108,733822306246479872,4015,1141,3200944
1109,733482008106668032,3438,1065,3200944
1110,733460102733135873,4605,1451,3200944
1111,733109485275860992,44619,17621,3200944
1112,732732193018155009,2671,599,3200944
1113,732726085725589504,3855,1003,3200944
1114,732585889486888962,4016,868,3200944
1115,732375214819057664,8832,2838,3200944
1116,732005617171337216,16324,6154,3200944
1117,731285275100512256,3798,1090,3200944
1118,731156023742988288,4196,1434,3200944
1119,730924654643314689,6682,2234,3200944
1120,730573383004487680,5407,2435,3200944
1121,730427201120833536,3809,1176,3200944
1122,730211855403241472,4180,1182,3200944
1123,730196704625098752,5339,2172,3200944
1124,729854734790754305,4396,1268,3200944
1125,729838605770891264,1856,431,3200944
1126,729823566028484608,4358,1390,3200944
1127,729463711119904772,6340,2586,3200944
1128,729113531270991872,2054,370,3200944
1129,728986383096946689,3460,917,3200944
1130,728760639972315136,5090,1911,3200944
1131,728751179681943552,3032,757,3200944
1132,728653952833728512,3620,1169,3200944
1133,728409960103686147,5383,2269,3200944
1134,728387165835677696,3999,1075,3200944
1135,728046963732717569,4722,1328,3200944
1136,728035342121635841,4953,1872,3200945
1137,728015554473250816,4479,1219,3200945
1138,727685679342333952,3206,720,3200945
1139,727644517743104000,6431,1962,3200945
1140,727524757080539137,4900,1379,3200945
1141,727314416056803329,3623,834,3200945
1142,727286334147182592,3324,920,3200945
1143,727175381690781696,4209,1540,3200945
1144,727155742655025152,3983,1490,3200945
1145,726935089318363137,7496,2738,3200945
1146,726887082820554753,4195,1677,3200945
1147,726828223124897792,3882,1124,3200945
1148,726224900189511680,4811,1302,3200945
1149,725842289046749185,7691,2970,3200945
1150,725786712245440512,4537,1527,3200945
1151,725729321944506368,5646,2009,3200945
1152,725458796924002305,1541,703,3200945
1153,724983749226668032,4040,1462,3200945
1154,724771698126512129,2593,725,3200945
1155,724405726123311104,5800,1847,3200945
1156,724049859469295616,4738,1984,3200945
1157,724046343203856385,2901,620,3200945
1158,724004602748780546,4561,1790,3200945
1159,723912936180330496,4236,1374,3200945
1160,723688335806480385,8435,3347,3200945
1161,723673163800948736,3291,1011,3200945
1162,723179728551723008,5761,2110,3200945
1163,722974582966214656,4493,1764,3200945
1164,722613351520608256,5393,1831,3200945
1165,721503162398597120,5086,2124,3200945
1166,721001180231503872,2748,686,3200945
1167,720785406564900865,3400,866,3200945
1168,720775346191278080,2702,760,3200945
1169,720415127506415616,4503,1681,3200945
1170,720389942216527872,6974,2840,3200945
1171,720340705894408192,3131,1098,3200945
1172,720059472081784833,4229,1268,3200945
1173,720043174954147842,5332,2253,3200945
1174,719991154352222208,5281,1979,3200945
1175,719704490224398336,4974,1645,3200945
1176,719551379208073216,5515,2192,3200945
1177,719367763014393856,3022,827,3200945
1178,719339463458033665,4822,1403,3200944
1179,719332531645071360,3711,1078,3200944
1180,718971898235854848,3818,1231,3200944
1181,718939241951195136,5720,1973,3200944
1182,718631497683582976,20697,9126,3200944
1183,718613305783398402,2669,542,3200944
1184,718540630683709445,2730,1137,3200944
1185,718460005985447936,2846,602,3200944
1186,718454725339934721,5320,1685,3200944
1187,718246886998687744,2115,565,3200944
1188,718234618122661888,4217,1127,3200944
1189,717841801130979328,2660,670,3200944
1190,717790033953034240,3170,1272,3200944
1191,717537687239008257,6281,2069,3200944
1192,717428917016076293,1748,510,3200945
1193,717421804990701568,3446,945,3200945
1194,717047459982213120,6826,2135,3200945
1195,717009362452090881,3583,1102,3200945
1196,716802964044845056,4627,1317,3200945
1197,716791146589110272,5204,1474,3200945
1198,716730379797970944,1339,475,3200945
1199,716447146686459905,14327,6643,3200945
1200,716439118184652801,2574,247,3200945
1201,716285507865542656,3041,1225,3200945
1202,716080869887381504,5272,1935,3200945
1203,715928423106027520,3485,987,3200945
1204,715758151270801409,4085,1596,3200945
1205,715733265223708672,5093,1920,3200945
1206,715704790270025728,3055,634,3200945
1207,715696743237730304,4257,1454,3200945
1208,715680795826982913,4719,1813,3200945
1209,715360349751484417,5955,1772,3200946
1210,715342466308784130,3294,768,3200946
1211,715220193576927233,2630,736,3200947
1212,715200624753819648,5578,2110,3200947
1213,715009755312439296,4550,1392,3200947
1214,714982300363173890,4094,1166,3200947
1215,714962719905021952,8028,4816,3200947
1216,714957620017307648,4503,1595,3200947
1217,714631576617938945,3571,1122,3200947
1218,714606013974974464,3938,1038,3200947
1219,714485234495041536,2962,1313,3200947
1220,714258258790387713,3281,808,3200947
1221,714251586676113411,3570,940,3200947
1222,714214115368108032,2480,990,3200947
1223,714141408463036416,4673,1569,3200947
1224,713919462244790272,3564,869,3200947
1225,713909862279876608,2078,616,3200947
1226,713900603437621249,3062,829,3200947
1227,713761197720473600,5308,1541,3200947
1228,713411074226274305,4802,1440,3200947
1229,713177543487135744,7854,3183,3200947
1230,713175907180089344,4851,1630,3200947
1231,712809025985978368,20378,7602,3200947
1232,712717840512598017,13474,5616,3200947
1233,712668654853337088,4531,1367,3200947
1234,712438159032893441,5799,1756,3200947
1235,712309440758808576,269,26,3200947
1236,712097430750289920,4144,1172,3200947
1237,712092745624633345,3211,1016,3200947
1238,712085617388212225,3531,556,3200947
1239,712065007010385924,2451,700,3200947
1240,711998809858043904,0,138,3200947
1241,711968124745228288,8776,2601,3200947
1242,711743778164514816,3095,1101,3200947
1243,711732680602345472,9756,4653,3200947
1244,711694788429553666,35865,20500,3200947
1245,711652651650457602,4228,1037,3200947
1246,711363825979756544,3996,1287,3200947
1247,711306686208872448,3596,819,3200947
1248,711008018775851008,3275,710,3200947
1249,710997087345876993,4960,1561,3200947
1250,710844581445812225,2775,779,3200947
1251,710833117892898816,2937,606,3200947
1252,710658690886586372,2529,636,3200947
1253,710609963652087808,5227,2624,3200947
1254,710588934686908417,4968,2107,3200947
1255,710296729921429505,2574,833,3200947
1256,710283270106132480,2308,580,3200947
1257,710272297844797440,4945,1425,3200947
1258,710269109699739648,2613,1257,3200947
1259,710153181850935296,3153,1006,3200947
1260,710140971284037632,3017,1008,3200947
1261,710117014656950272,5999,2233,3200947
1262,709918798883774466,3250,1215,3200947
1263,709901256215666688,732,112,3200947
1264,709852847387627521,3824,1336,3200947
1265,709566166965075968,3865,1367,3200947
1266,709556954897764353,3593,1204,3200947
1267,709519240576036864,1620,277,3200947
1268,709449600415961088,2420,665,3200947
1269,709409458133323776,2855,788,3200947
1270,709225125749587968,2615,647,3200947
1271,709207347839836162,13755,6567,3200947
1272,709198395643068416,2634,721,3200947
1273,709179584944730112,2213,763,3200947
1274,709158332880297985,2236,470,3200947
1275,709042156699303936,5197,1864,3200947
1276,708853462201716736,1941,745,3200947
1277,708845821941387268,3226,1015,3200947
1278,708834316713893888,1860,571,3200947
1279,708810915978854401,18036,7848,3200947
1280,708738143638450176,2997,917,3200947
1281,708711088997666817,2790,834,3200947
1282,708479650088034305,2768,765,3200947
1283,708469915515297792,3357,926,3200947
1284,708400866336894977,17516,11330,3200947
1285,708356463048204288,3929,1520,3200947
1286,708349470027751425,2568,831,3200947
1287,708149363256774660,4672,1727,3200947
1288,708130923141795840,3707,943,3200947
1289,708119489313951744,2937,1102,3200947
1290,708109389455101952,2124,610,3200947
1291,708026248782585858,4799,2166,3200947
1292,707995814724026368,3385,1273,3200947
1293,707983188426153984,52,2,3200947
1294,707969809498152960,2941,1097,3200947
1295,707776935007539200,3593,1079,3200947
1296,707741517457260545,2718,696,3200947
1297,707738799544082433,4495,2785,3200947
1298,707693576495472641,3765,1133,3200947
1299,707629649552134146,2834,997,3200947
1300,707610948723478529,18557,7236,3200947
1301,707420581654872064,2499,789,3200947
1302,707411934438625280,2486,673,3200947
1303,707387676719185920,3835,1490,3200947
1304,707377100785885184,3603,1214,3200947
1305,707315916783140866,2698,727,3200947
1306,707297311098011648,3022,903,3200947
1307,707059547140169728,2796,759,3200947
1308,707038192327901184,2404,900,3200947
1309,707021089608753152,4433,1540,3200947
1310,707014260413456384,2502,664,3200947
1311,706904523814649856,15961,8830,3200947
1312,706901761596989440,2264,680,3200947
1313,706681918348251136,3627,1103,3200947
1314,706644897839910912,2814,1224,3200947
1315,706593038911545345,2363,718,3200947
1316,706538006853918722,3778,1580,3200947
1317,706516534877929472,3404,1150,3200947
1318,706346369204748288,3768,1035,3200947
1319,706310011488698368,23443,9034,3200947
1320,706291001778950144,1861,522,3200947
1321,706265994973601792,2979,1030,3200947
1322,706169069255446529,4291,2511,3200947
1323,706166467411222528,5636,1819,3200947
1324,706153300320784384,1632,437,3200947
1325,705975130514706432,3397,842,3200947
1326,705970349788291072,3440,1008,3200947
1327,705898680587526145,2597,643,3200947
1328,705786532653883392,2132,596,3200947
1329,705591895322394625,3475,1308,3200947
1330,705475953783398401,3231,1045,3200947
1331,705442520700944385,4877,1859,3200947
1332,705428427625635840,4188,1931,3200947
1333,705239209544720384,3290,854,3200947
1334,705223444686888960,2829,900,3200947
1335,705102439679201280,2342,585,3200947
1336,705066031337840642,2378,683,3200947
1337,704871453724954624,4585,1245,3200947
1338,704859558691414016,2462,612,3200948
1339,704847917308362754,5594,1727,3200948
1340,704819833553219584,2906,1136,3200948
1341,704761120771465216,7283,3257,3200948
1342,704499785726889984,3212,1124,3200948
1343,704491224099647488,840,97,3200948
1344,704480331685040129,3723,1197,3200948
1345,704364645503647744,8804,3999,3200948
1346,704347321748819968,1729,393,3200948
1347,704134088924532736,1653,519,3200948
1348,704113298707505153,2031,629,3200949
1349,704054845121142784,3201,1028,3200949
1350,703774238772166656,2020,526,3200949
1351,703769065844768768,3621,1276,3200949
1352,703631701117943808,2853,772,3200949
1353,703611486317502464,4229,1709,3200949
1354,703425003149250560,4162,1559,3200949
1355,703407252292673536,2685,786,3200949
1356,703382836347330562,3837,1285,3200949
1357,703356393781329922,2085,429,3200949
1358,703268521220972544,2152,618,3200949
1359,703079050210877440,8064,3494,3200949
1360,703041949650034688,28996,14198,3200950
1361,702932127499816960,2825,811,3200858
1362,702899151802126337,1772,509,3200950
1363,702684942141153280,3516,1215,3200950
1364,702671118226825216,2398,634,3200950
1365,702598099714314240,11332,3712,3200950
1366,702539513671897089,3134,1091,3200950
1367,702332542343577600,3491,1755,3200950
1368,702321140488925184,3604,1156,3200950
1369,702276748847800320,2706,860,3200950
1370,702217446468493312,5268,1526,3200950
1371,701981390485725185,3755,1106,3200950
1372,701952816642965504,4167,1149,3200950
1373,701889187134500865,3905,1558,3200950
1374,701805642395348998,3752,1900,3200950
1375,701601587219795968,2299,523,3200950
1376,701570477911896070,3080,1055,3200950
1377,701545186879471618,2902,680,3200950
1378,701214700881756160,13475,5812,3200950
1379,700890391244103680,2437,653,3200950
1380,700864154249383937,2828,685,3200950
1381,700847567345688576,2637,558,3200950
1382,700796979434098688,2669,1085,3200950
1383,700747788515020802,25130,10673,3200950
1384,700518061187723268,2887,915,3200950
1385,700505138482569216,2487,646,3200950
1386,700462010979500032,4537,2031,3200950
1387,700167517596164096,2903,836,3200950
1388,700151421916807169,2450,754,3200950
1389,700143752053182464,8282,3129,3200950
1390,700062718104104960,2890,778,3200858
1391,700029284593901568,2262,661,3200950
1392,700002074055016451,3627,1529,3200950
1393,699801817392291840,3345,1088,3200950
1394,699788877217865730,2458,557,3200950
1395,699779630832685056,3039,1397,3200950
1396,699775878809702401,2150,690,3200950
1397,699691744225525762,11252,5174,3200950
1398,699446877801091073,6515,2938,3200950
1399,699434518667751424,2384,577,3200950
1400,699423671849451520,1505,383,3200950
1401,699413908797464576,2258,688,3200950
1402,699370870310113280,2053,497,3200950
1403,699323444782047232,3466,983,3200950
1404,699088579889332224,2451,715,3200950
1405,699079609774645248,2677,745,3200950
1406,699072405256409088,3296,1325,3200950
1407,699060279947165696,4173,2059,3200950
1408,699036661657767936,2863,1345,3200950
1409,698989035503689728,3701,1113,3200950
1410,698953797952008193,2975,1020,3200950
1411,698907974262222848,2787,699,3200950
1412,698710712454139905,2710,774,3200950
1413,698703483621523456,1608,425,3200950
1414,698635131305795584,1400,388,3200950
1415,698549713696649216,2536,704,3200950
1416,698355670425473025,2046,516,3200950
1417,698342080612007937,2485,1074,3200950
1418,698262614669991936,5214,2268,3200950
1419,698195409219559425,18408,6750,3200950
1420,698178924120031232,3084,830,3200950
1421,697995514407682048,1665,372,3200950
1422,697990423684476929,3592,1451,3200950
1423,697943111201378304,2638,776,3200950
1424,697881462549430272,3313,1337,3200950
1425,697630435728322560,1909,614,3200950
1426,697616773278015490,3467,1144,3200950
1427,697596423848730625,3306,1425,3200950
1428,697575480820686848,2250,572,3200950
1429,697516214579523584,2281,1282,3200950
1430,697482927769255936,2662,765,3200950
1431,697463031882764288,3748,1552,3200950
1432,697270446429966336,5131,2087,3200950
1433,697259378236399616,3611,1136,3200950
1434,697255105972801536,3316,1315,3200950
1435,697242256848379904,2753,751,3200950
1436,696900204696625153,3492,1156,3200950
1437,696894894812565505,2594,758,3200950
1438,696886256886657024,5317,2016,3200950
1439,696877980375769088,2689,802,3200950
1440,696754882863349760,1615,396,3200950
1441,696744641916489729,2293,1069,3200950
1442,696713835009417216,2613,757,3200950
1443,696518437233913856,4274,1887,3200950
1444,696490539101908992,1339,170,3200950
1445,696488710901260288,2788,1166,3200950
1446,696405997980676096,3531,1284,3200950
1447,696100768806522880,2125,750,3200950
1448,695816827381944320,3287,1320,3200950
1449,695794761660297217,3490,880,3200950
1450,695767669421768709,2060,854,3200950
1451,695629776980148225,5020,2377,3200950
1452,695446424020918272,4787,2026,3200950
1453,695409464418041856,9460,4017,3200950
1454,695314793360662529,4004,1675,3200950
1455,695095422348574720,2888,684,3200950
1456,695074328191332352,3116,1239,3200950
1457,695064344191721472,1771,685,3200950
1458,695051054296211456,2918,885,3200950
1459,694925794720792577,2965,1043,3200950
1460,694905863685980160,3046,1053,3200950
1461,694669722378485760,26068,13517,3200950
1462,694356675654983680,1653,328,3200950
1463,694352839993344000,2244,700,3200950
1464,694342028726001664,1727,557,3200950
1465,694329668942569472,2203,569,3200950
1466,694206574471057408,4582,2297,3200950
1467,694183373896572928,3236,1040,3200950
1468,694001791655137281,3705,1176,3200950
1469,693993230313091072,2044,457,3200950
1470,693942351086120961,1896,413,3200950
1471,693647888581312512,2961,673,3200950
1472,693644216740769793,1473,150,3200950
1473,693642232151285760,2790,472,3200950
1474,693629975228977152,2685,894,3200950
1475,693622659251335168,1691,422,3200950
1476,693590843962331137,5565,2233,3200950
1477,693582294167244802,1802,292,3200950
1478,693486665285931008,1941,698,3200950
1479,693280720173801472,3669,1403,3200950
1480,693267061318012928,2622,925,3200950
1481,693262851218264065,2459,568,3200950
1482,693231807727280129,3133,841,3200950
1483,693155686491000832,8668,3622,3200950
1484,693109034023534592,1889,695,3200950
1485,693095443459342336,2056,523,3200950
1486,692919143163629568,2926,838,3200950
1487,692905862751522816,2683,998,3200950
1488,692901601640583168,1971,682,3200950
1489,692894228850999298,2511,910,3200950
1490,692828166163931137,3148,998,3200950
1491,692752401762250755,7496,4124,3200950
1492,692568918515392513,4739,1737,3200950
1493,692535307825213440,3504,1529,3200950
1494,692530551048294401,2021,474,3200950
1495,692423280028966913,1618,265,3200950
1496,692417313023332352,10275,3917,3200950
1497,692187005137076224,2768,929,3200950
1498,692158366030913536,2369,896,3200950
1499,692142790915014657,1798,438,3200950
1500,692041934689402880,3724,1424,3200950
1501,692017291282812928,3153,1081,3200858
1502,691820333922455552,4329,1860,3200950
1503,691793053716221953,8910,4732,3200950
1504,691756958957883396,3179,1161,3200950
1505,691675652215414786,2116,577,3200950
1506,691483041324204033,2608,656,3200950
1507,691459709405118465,4449,1294,3200950
1508,691444869282295808,2890,955,3200950
1509,691416866452082688,21253,8689,3200950
1510,691321916024623104,2828,747,3200951
1511,691096613310316544,3253,1019,3200951
1512,691090071332753408,1867,385,3200951
1513,690989312272396288,6513,3282,3200951
1514,690959652130045952,3902,1421,3200951
1515,690938899477221376,4536,2245,3200951
1516,690932576555528194,3602,1143,3200951
1517,690735892932222976,4134,1442,3200951
1518,690728923253055490,2384,597,3200951
1519,690690673629138944,2547,898,3200951
1520,690649993829576704,1435,325,3200951
1521,690607260360429569,313,19,3200951
1522,690597161306841088,2163,681,3200951
1523,690400367696297985,2041,509,3200951
1524,690374419777196032,3560,972,3200859
1525,690360449368465409,2925,1006,3200951
1526,690348396616552449,1644,573,3200951
1527,690248561355657216,1845,477,3200951
1528,690021994562220032,3056,1180,3200951
1529,690015576308211712,2740,836,3200951
1530,690005060500217858,4004,1907,3200950
1531,689999384604450816,1561,424,3200950
1532,689993469801164801,1618,518,3200858
1533,689977555533848577,1490,502,3200950
1534,689905486972461056,2651,787,3200950
1535,689877686181715968,3323,1344,3200950
1536,689835978131935233,2369,850,3200950
1537,689661964914655233,3501,1052,3200951
1538,689659372465688576,11394,4412,3200951
1539,689623661272240129,2467,748,3200859
1540,689599056876867584,12795,6265,3200951
1541,689557536375177216,2257,519,3200951
1542,689517482558820352,3735,1609,3200951
1543,689289219123089408,2476,1056,3200951
1544,689283819090870273,3624,1250,3200951
1545,689280876073582592,2197,819,3200951
1546,689275259254616065,1273,285,3200951
1547,689255633275777024,2805,1212,3200951
1548,689154315265683456,3348,1128,3200859
1549,689143371370250240,2232,579,3200951
1550,688916208532455424,3003,983,3200951
1551,688908934925697024,2310,874,3200951
1552,688898160958271489,2307,890,3200951
1553,688894073864884227,2462,792,3200951
1554,688828561667567616,1508,420,3200951
1555,688804835492233216,1043,227,3200951
1556,688789766343622656,2434,759,3200951
1557,688547210804498433,2862,789,3200951
1558,688519176466644993,2520,825,3200951
1559,688385280030670848,10180,5035,3200951
1560,688211956440801280,2426,937,3200951
1561,688179443353796608,2328,669,3200951
1562,688116655151435777,3093,888,3200951
1563,688064179421470721,1878,408,3200951
1564,687841446767013888,6009,2872,3200951
1565,687826841265172480,2989,1292,3200951
1566,687818504314159109,2758,1080,3200951
1567,687807801670897665,2625,801,3200951
1568,687732144991551489,1935,750,3200951
1569,687704180304273409,2660,950,3200951
1570,687664829264453632,2121,576,3200951
1571,687494652870668288,2104,654,3200951
1572,687480748861947905,1760,281,3200951
1573,687476254459715584,2187,619,3200951
1574,687460506001633280,2243,614,3200951
1575,687399393394311168,2081,702,3200951
1576,687317306314240000,22073,10411,3200859
1577,687312378585812992,4777,2146,3200951
1578,687127927494963200,6004,2591,3200951
1579,687124485711986689,2371,577,3200951
1580,687109925361856513,6370,2803,3200951
1581,687102708889812993,2571,1124,3200951
1582,687096057537363968,2449,695,3200951
1583,686947101016735744,9433,3582,3200951
1584,686760001961103360,3852,1551,3200950
1585,686749460672679938,3812,1666,3200950
1586,686730991906516992,4543,1350,3200950
1587,686683045143953408,3072,912,3200950
1588,686618349602762752,4042,1544,3200950
1589,686606069955735556,2071,607,3200950
1590,686394059078897668,1928,769,3200950
1591,686386521809772549,3553,996,3200950
1592,686377065986265092,2433,637,3200950
1593,686358356425093120,2398,776,3200950
1594,686286779679375361,4392,1887,3200950
1595,686050296934563840,2420,836,3200950
1596,686035780142297088,1274,138,3200950
1597,686034024800862208,3424,1324,3200950
1598,686007916130873345,2704,472,3200950
1599,686003207160610816,2009,735,3200950
1600,685973236358713344,2326,611,3200950
1601,685943807276412928,1801,696,3200950
1602,685906723014619143,8277,3303,3200950
1603,685681090388975616,2069,140,3200950
1604,685667379192414208,2579,666,3200950
1605,685663452032069632,3557,1656,3200950
1606,685641971164143616,3218,885,3200950
1607,685547936038666240,35052,17465,3200950
1608,685532292383666176,3336,1298,3200950
1609,685325112850124800,10471,4535,3200950
1610,685321586178670592,2910,735,3200950
1611,685315239903100929,3676,1234,3200950
1612,685307451701334016,2262,496,3200950
1613,685268753634967552,3419,1371,3200950
1614,685198997565345792,2566,764,3200950
1615,685169283572338688,4489,1620,3200950
1616,684969860808454144,2374,421,3200950
1617,684959798585110529,7004,3487,3200950
1618,684940049151070208,3523,1191,3200950
1619,684926975086034944,3849,552,3200950
1620,684914660081053696,3848,1662,3200950
1621,684902183876321280,2053,605,3200950
1622,684880619965411328,2305,936,3200950
1623,684830982659280897,38551,24514,3200950
1624,684800227459624960,2979,1124,3200950
1625,684594889858887680,9843,4016,3200950
1626,684588130326986752,4489,1592,3200950
1627,684567543613382656,3312,1418,3200950
1628,684538444857667585,2915,1085,3200950
1629,684481074559381504,4249,1320,3200951
1630,684460069371654144,2169,628,3200952
1631,684241637099323392,8999,3727,3200952
1632,684225744407494656,1369,239,3200952
1633,684222868335505415,4225,1563,3200952
1634,684200372118904832,2394,1177,3200860
1635,684195085588783105,2108,595,3200952
1636,684188786104872960,3831,1343,3200952
1637,684177701129875456,2215,764,3200952
1638,684147889187209216,3265,1703,3200952
1639,684122891630342144,2176,539,3200952
1640,684097758874210310,4515,1621,3200952
1641,683857920510050305,4163,1262,3200952
1642,683852578183077888,2111,397,3200952
1643,683849932751646720,2896,1116,3200860
1644,683834909291606017,2880,1265,3200952
1645,683828599284170753,3053,1195,3200952
1646,683773439333797890,3684,1533,3200952
1647,683742671509258241,7162,3781,3200860
1648,683515932363329536,8058,3291,3200952
1649,683498322573824003,3469,1095,3200952
1650,683481228088049664,2878,1118,3200952
1651,683462770029932544,2676,761,3200952
1652,683449695444799489,4290,1837,3200952
1653,683391852557561860,8356,2702,3200952
1654,683357973142474752,3238,1059,3200952
1655,683142553609318400,3162,1173,3200952
1656,683111407806746624,3736,1034,3200952
1657,683098815881154561,2361,736,3200952
1658,683078886620553216,2176,634,3200952
1659,683030066213818368,2370,832,3200952
1660,682962037429899265,26239,15043,3200952
1661,682808988178739200,1953,210,3200952
1662,682788441537560576,2706,1258,3200952
1663,682750546109968385,1674,494,3200952
1664,682697186228989953,1440,397,3200952
1665,682662431982772225,3326,1207,3200952
1666,682638830361513985,2266,675,3200952
1667,682429480204398592,3769,1320,3200952
1668,682406705142087680,8319,2019,3200952
1669,682393905736888321,2441,773,3200952
1670,682389078323662849,1828,518,3200952
1671,682303737705140231,3389,1135,3200952
1672,682259524040966145,4578,1375,3200952
1673,682242692827447297,3566,1341,3200952
1674,682088079302213632,20108,11271,3200952
1675,682059653698686977,5442,1915,3200952
1676,682047327939461121,3525,1088,3200952
1677,682032003584274432,7223,2294,3200952
1678,682003177596559360,3464,1722,3200952
1679,681981167097122816,3043,1161,3200952
1680,681891461017812993,2706,951,3200952
1681,681694085539872773,14010,4581,3200952
1682,681679526984871937,1923,499,3200952
1683,681654059175129088,2903,1045,3200952
1684,681610798867845120,2100,533,3200952
1685,681579835668455424,3893,1489,3200952
1686,681523177663676416,15749,6620,3200952
1687,681340665377193984,1803,313,3200952
1688,681339448655802368,10202,4598,3200952
1689,681320187870711809,2918,863,3200952
1690,681302363064414209,4347,2072,3200952
1691,681297372102656000,3490,1091,3200952
1692,681281657291280384,3520,1258,3200952
1693,681261549936340994,1597,308,3200860
1694,681242418453299201,1645,624,3200952
1695,681231109724700672,2629,540,3200952
1696,681193455364796417,4077,1691,3200952
1697,680970795137544192,2665,749,3200952
1698,680959110691590145,4986,2243,3200952
1699,680940246314430465,3544,1225,3200952
1700,680934982542561280,2285,497,3200952
1701,680913438424612864,2609,705,3200952
1702,680889648562991104,1945,418,3200952
1703,680836378243002368,3766,1513,3200952
1704,680805554198020098,2370,751,3200952
1705,680801747103793152,2600,925,3200952
1706,680798457301471234,3134,1182,3200952
1707,680609293079592961,2906,816,3200952
1708,680583894916304897,3939,1514,3200952
1709,680497766108381184,4639,2162,3200952
1710,680494726643068929,1879,542,3200953
1711,680473011644985345,2778,844,3200953
1712,680440374763077632,1583,564,3200953
1713,680221482581123072,1598,329,3200953
1714,680206703334408192,3115,1323,3200953
1715,680191257256136705,2356,577,3200953
1716,680176173301628928,4263,1760,3200953
1717,680161097740095489,2538,828,3200953
1718,680145970311643136,3955,1972,3200953
1719,680130881361686529,2519,1078,3200953
1720,680115823365742593,2972,1028,3200953
1721,680100725817409536,3891,1554,3200953
1722,680085611152338944,13959,10034,3200953
1723,680070545539371008,2818,994,3200953
1724,680055455951884288,18278,8067,3200953
1725,679877062409191424,2155,726,3200953
1726,679872969355714560,2365,749,3200953
1727,679862121895714818,2678,706,3200953
1728,679854723806179328,3143,1402,3200953
1729,679844490799091713,2593,887,3200953
1730,679828447187857408,39726,15839,3200953
1731,679777920601223168,3390,1281,3200953
1732,679736210798047232,2311,918,3200953
1733,679729593985699840,2367,937,3200953
1734,679722016581222400,1817,539,3200953
1735,679530280114372609,5208,2347,3200953
1736,679527802031484928,2892,823,3200953
1737,679511351870550016,3711,1461,3200953
1738,679503373272485890,3484,1673,3200953
1739,679475951516934144,2304,728,3200953
1740,679462823135686656,34856,21324,3200953
1741,679405845277462528,2594,1364,3200953
1742,679158373988876288,23568,9193,3200953
1743,679148763231985668,3028,1163,3200953
1744,679132435750195208,3253,1314,3200953
1745,679111216690831360,6514,2893,3200953
1746,679062614270468097,18712,9299,3200953
1747,679047485189439488,2460,781,3200953
1748,679001094530465792,3075,1378,3200953
1749,678991772295516161,2537,1333,3200953
1750,678969228704284672,1796,528,3200953
1751,678800283649069056,2810,1018,3200953
1752,678798276842360832,3804,1350,3200953
1753,678774928607469569,3037,1043,3200953
1754,678767140346941444,3864,1553,3200953
1755,678764513869611008,1788,544,3200953
1756,678755239630127104,7802,3741,3200953
1757,678740035362037760,4099,1926,3200953
1758,678708137298427904,6082,2753,3200953
1759,678675843183484930,3155,1680,3200953
1760,678643457146150913,2250,489,3200954
1761,678446151570427904,4358,1785,3200954
1762,678424312106393600,5916,2880,3200954
1763,678410210315247616,4640,2072,3200954
1764,678399652199309312,61794,30742,3200954
1765,678396796259975168,1731,478,3200862
1766,678389028614488064,2044,473,3200954
1767,678380236862578688,2655,1020,3200954
1768,678341075375947776,1896,612,3200954
1769,678334497360859136,1427,304,3200954
1770,678278586130948096,12531,6857,3200954
1771,678255464182861824,1726,418,3200954
1772,678023323247357953,2095,439,3200954
1773,678021115718029313,15018,7148,3200954
1774,677961670166224897,3701,1879,3200954
1775,677918531514703872,1476,463,3200954
1776,677895101218201600,5275,2384,3200954
1777,677716515794329600,3323,1104,3200954
1778,677700003327029250,3689,1622,3200954
1779,677698403548192770,1332,363,3200954
1780,677687604918272002,2681,950,3200954
1781,677673981332312066,3603,1677,3200954
1782,677662372920729601,2134,1101,3200954
1783,677644091929329666,2040,886,3200953
1784,677573743309385728,2322,819,3200953
1785,677565715327688705,1409,513,3200953
1786,677557565589463040,2665,1322,3200953
1787,677547928504967168,7568,4076,3200953
1788,677530072887205888,1161,250,3200953
1789,677335745548390400,3328,2017,3200953
1790,677334615166730240,1477,328,3200953
1791,677331501395156992,1189,265,3200953
1792,677328882937298944,3938,1693,3200953
1793,677314812125323265,1799,611,3200953
1794,677301033169788928,1362,471,3200953
1795,677269281705472000,2164,790,3200953
1796,677228873407442944,3837,1840,3200953
1797,677187300187611136,2981,1033,3200953
1798,676975532580409345,3015,1203,3201000
1799,676957860086095872,2395,907,3201000
1800,676949632774234114,1413,448,3201000
1801,676948236477857792,2354,980,3201001
1802,676946864479084545,1844,426,3201001
1803,676942428000112642,2261,855,3201001
1804,676936541936185344,13809,5515,3201001
1805,676916996760600576,3231,2002,3201001
1806,676897532954456065,2426,817,3201001
1807,676864501615042560,2294,808,3201001
1808,676821958043033607,25124,17605,3201001
1809,676819651066732545,1957,741,3201001
1810,676811746707918848,1536,469,3201001
1811,676776431406465024,5405,2249,3201001
1812,676617503762681856,3149,1108,3201001
1813,676613908052996102,1183,219,3201002
1814,676606785097199616,2039,490,3201002
1815,676603393314578432,1280,440,3201002
1816,676593408224403456,4954,2410,3201002
1817,676590572941893632,1001,142,3201002
1818,676588346097852417,2533,896,3201002
1819,676582956622721024,1310,312,3201002
1820,676575501977128964,2807,1254,3201002
1821,676533798876651520,2025,621,3201002
1822,676496375194980353,1641,602,3201002
1823,676470639084101634,12616,5224,3201002
1824,676440007570247681,1863,748,3201002
1825,676430933382295552,1526,385,3201002
1826,676263575653122048,2243,609,3201002
1827,676237365392908289,1335,331,3201002
1828,676219687039057920,67100,31989,3201002
1829,676215927814406144,1881,661,3201002
1830,676191832485810177,2478,1145,3201002
1831,676146341966438401,2077,744,3201002
1832,676121918416756736,2335,1297,3201002
1833,676101918813499392,3042,1284,3201002
1834,676098748976615425,3279,1623,3201002
1835,676089483918516224,1431,483,3201002
1836,675898130735476737,1774,653,3201002
1837,675891555769696257,2297,976,3201002
1838,675888385639251968,2581,1067,3201002
1839,675878199931371520,4531,1570,3201002
1840,675870721063669760,1783,632,3200910
1841,675853064436391936,2927,1460,3201002
1842,675849018447167488,1027,172,3201002
1843,675845657354215424,2477,1000,3201002
1844,675822767435051008,1652,591,3201002
1845,675820929667219457,1140,260,3201002
1846,675798442703122432,11101,3787,3201002
1847,675781562965868544,1750,537,3201002
1848,675740360753160193,1257,388,3201002
1849,675710890956750848,2046,928,3201002
1850,675707330206547968,2154,771,3201002
1851,675706639471788032,693,106,3201002
1852,675534494439489536,1953,470,3201002
1853,675531475945709568,1276,428,3201002
1854,675522403582218240,1122,316,3201002
1855,675517828909424640,1414,507,3201002
1856,675501075957489664,18482,6485,3201002
1857,675497103322386432,3397,1443,3201002
1858,675489971617296384,1406,672,3201002
1859,675483430902214656,1985,1081,3201002
1860,675432746517426176,1623,627,3201002
1861,675372240448454658,1838,563,3201002
1862,675362609739206656,1136,262,3201002
1863,675354435921575936,35178,18963,3201003
1864,675349384339542016,4237,2532,3201003
1865,675334060156301312,3007,1436,3201003
1866,675166823650848770,3920,1795,3201003
1867,675153376133427200,6072,2734,3201003
1868,675149409102012420,4037,1878,3201003
1869,675147105808306176,1026,273,3201003
1870,675146535592706048,1300,349,3201003
1871,675145476954566656,2305,1011,3201003
1872,675135153782571009,1398,542,3201003
1873,675113801096802304,2120,877,3201003
1874,675111688094527488,1042,283,3201003
1875,675109292475830276,3006,1259,3201003
1876,675047298674663426,1141,366,3201003
1877,675015141583413248,2918,1335,3201003
1878,675006312288268288,1057,252,3201003
1879,675003128568291329,1672,517,3201003
1880,674999807681908736,2433,1232,3201003
1881,674805413498527744,934,391,3201003
1882,674800520222154752,3240,949,3201003
1883,674793399141146624,2697,1225,3201003
1884,674790488185167872,1180,278,3201003
1885,674788554665512960,871,230,3201004
1886,674781762103414784,2169,1335,3201004
1887,674774481756377088,1213,532,3201004
1888,674767892831932416,1981,883,3201004
1889,674764817387900928,852,263,3201004
1890,674754018082705410,1456,488,3201004
1891,674752233200820224,1580,516,3201004
1892,674743008475090944,1514,607,3201004
1893,674742531037511680,527,55,3201004
1894,674739953134403584,1194,437,3201004
1895,674737130913071104,693,103,3201004
1896,674690135443775488,1237,510,3201004
1897,674670581682434048,1751,729,3201004
1898,674664755118911488,994,276,3201003
1899,674646392044941312,1533,557,3201003
1900,674644256330530816,1111,311,3201003
1901,674638615994089473,1806,650,3201003
1902,674632714662858753,1617,637,3201003
1903,674606911342424069,1013,115,3201003
1904,674468880899788800,6676,2275,3201003
1905,674447403907457024,1137,393,3201003
1906,674436901579923456,1198,426,3201003
1907,674422304705744896,1536,592,3201003
1908,674416750885273600,731,157,3201003
1909,674410619106390016,1289,515,3201003
1910,674394782723014656,1607,635,3201003
1911,674372068062928900,931,346,3201003
1912,674330906434379776,602,83,3201003
1913,674318007229923329,1516,570,3201003
1914,674307341513269249,12129,7641,3201003
1915,674291837063053312,15817,6533,3201003
1916,674271431610523648,1682,800,3201003
1917,674269164442398721,961,255,3201003
1918,674265582246694913,1766,936,3201003
1919,674262580978937856,1391,498,3201003
1920,674255168825880576,1581,619,3201003
1921,674082852460433408,804,186,3201003
1922,674075285688614912,1047,316,3201003
1923,674063288070742018,6769,2450,3201003
1924,674053186244734976,3576,1441,3201004
1925,674051556661161984,1564,530,3201004
1926,674045139690631169,1520,710,3201004
1927,674042553264685056,772,142,3201004
1928,674038233588723717,1176,456,3201004
1929,674036086168010753,906,240,3201004
1930,674024893172875264,1914,1360,3201004
1931,674019345211760640,1208,340,3201004
1932,674014384960745472,1676,714,3201004
1933,674008982932058114,1297,393,3201004
1934,673956914389192708,2091,1069,3201004
1935,673919437611909120,1251,401,3201004
1936,673906403526995968,3406,1799,3201004
1937,673887867907739649,994,274,3201004
1938,673716320723169284,3289,843,3201004
1939,673715861853720576,3815,2303,3201004
1940,673711475735838725,1114,325,3201004
1941,673709992831262724,908,306,3201004
1942,673708611235921920,1153,315,3201004
1943,673707060090052608,1177,434,3201004
1944,673705679337693185,1337,439,3201004
1945,673700254269775872,1532,638,3201004
1946,673697980713705472,4067,2165,3201004
1947,673689733134946305,1855,700,3201004
1948,673688752737402881,1325,534,3201004
1949,673686845050527744,1544,479,3201004
1950,673680198160809984,1460,521,3201004
1951,673662677122719744,1339,397,3201004
1952,673656262056419329,769,265,3201004
1953,673636718965334016,1194,404,3201004
1954,673612854080196609,1691,802,3201004
1955,673583129559498752,1273,403,3201004
1956,673580926094458881,882,297,3201004
1957,673576835670777856,1482,613,3201004
1958,673363615379013632,1088,338,3201004
1959,673359818736984064,1558,728,3201004
1960,673355879178194945,1606,652,3201004
1961,673352124999274496,1761,597,3201004
1962,673350198937153538,784,229,3201004
1963,673345638550134785,2700,1422,3201004
1964,673343217010679808,1038,289,3201004
1965,673342308415348736,1362,649,3201004
1966,673320132811366400,14441,8705,3201004
1967,673317986296586240,924,293,3201004
1968,673295268553605120,8046,3484,3201004
1969,673270968295534593,1134,400,3201004
1970,673240798075449344,1510,798,3201004
1971,673213039743795200,2410,929,3201005
1972,673148804208660480,1822,688,3201005
1973,672997845381865473,2092,786,3201005
1974,672995267319328768,1001,328,3201005
1975,672988786805112832,1039,314,3201005
1976,672984142909456390,1338,593,3201005
1977,672980819271634944,1930,1079,3200913
1978,672975131468300288,1813,1015,3201005
1979,672970152493887488,1019,391,3201005
1980,672968025906282496,1405,602,3201005
1981,672964561327235073,1530,701,3201005
1982,672902681409806336,1452,550,3201005
1983,672898206762672129,944,459,3201005
1984,672884426393653248,1661,897,3201005
1985,672877615439593473,1096,405,3201005
1986,672834301050937345,1398,623,3201005
1987,672828477930868736,1343,533,3201005
1988,672640509974827008,1032,348,3201005
1989,672622327801233409,1377,542,3201005
1990,672614745925664768,1302,644,3201005
1991,672609152938721280,1180,424,3201005
1992,672604026190569472,1188,445,3201005
1993,672594978741354496,1411,661,3201005
1994,672591762242805761,1014,367,3201005
1995,672591271085670400,782,207,3201005
1996,672538107540070400,1089,404,3201006
1997,672523490734551040,696,189,3201006
1998,672488522314567680,1187,482,3201006
1999,672482722825261057,1221,665,3201006
2000,672481316919734272,757,137,3201006
2001,672475084225949696,1529,770,3201006
2002,672466075045466113,1447,598,3201006
2003,672272411274932228,6888,3677,3201006
2004,672267570918129665,1588,666,3201006
2005,672264251789176834,1212,383,3201006
2006,672256522047614977,2999,1699,3201006
2007,672254177670729728,1515,800,3201006
2008,672248013293752320,1833,656,3201006
2009,672245253877968896,733,169,3201006
2010,672239279297454080,953,347,3201006
2011,672231046314901505,1956,1089,3201006
2012,672222792075620352,833,231,3201006
2013,672205392827572224,2414,1270,3201006
2014,672169685991993344,1074,408,3201006
2015,672160042234327040,918,395,3201006
2016,672139350159835138,1876,792,3201006
2017,672125275208069120,2578,1253,3201006
2018,672095186491711488,1063,395,3201006
2019,672082170312290304,1003,402,3201006
2020,672068090318987265,1389,564,3201006
2021,671896809300709376,9016,4519,3201006
2022,671891728106971137,1415,618,3201006
2023,671882082306625538,3693,1488,3201006
2024,671879137494245376,1507,748,3201006
2025,671874878652489728,1330,601,3201006
2026,671866342182637568,1191,548,3201006
2027,671855973984772097,977,502,3201006
2028,671789708968640512,7527,3811,3201006
2029,671768281401958400,1269,572,3201006
2030,671763349865160704,1788,999,3201006
2031,671744970634719232,1430,841,3201006
2032,671743150407421952,779,248,3201006
2033,671735591348891648,1534,819,3201006
2034,671729906628341761,9119,4795,3201006
2035,671561002136281088,13679,7931,3201006
2036,671550332464455680,967,229,3201006
2037,671547767500775424,1444,658,3201006
2038,671544874165002241,2126,1145,3201006
2039,671542985629241344,1166,616,3201007
2040,671538301157904385,993,436,3201007
2041,671536543010570240,1253,441,3201007
2042,671533943490011136,1092,631,3201007
2043,671528761649688577,896,280,3201007
2044,671520732782923777,1499,582,3201007
2045,671518598289059840,1010,319,3201007
2046,671511350426865664,1734,791,3201007
2047,671504605491109889,7495,3866,3201007
2048,671497587707535361,980,481,3201007
2049,671488513339211776,1073,516,3201007
2050,671486386088865792,621,226,3201007
2051,671485057807351808,806,253,3201007
2052,671390180817915904,1513,805,3201007
2053,671362598324076544,1193,325,3201007
2054,671357843010908160,426,157,3201007
2055,671355857343524864,508,119,3201008
2056,671347597085433856,1031,476,3201008
2057,671186162933985280,788,241,3201008
2058,671182547775299584,1193,378,3201008
2059,671166507850801152,931,390,3201008
2060,671163268581498880,1763,1198,3201008
2061,671159727754231808,401,89,3201008
2062,671154572044468225,769,241,3201008
2063,671151324042559489,714,166,3201008
2064,671147085991960577,713,254,3201008
2065,671141549288370177,1246,713,3201008
2066,671138694582165504,996,448,3201008
2067,671134062904504320,796,212,3201008
2068,671122204919246848,3729,2763,3201008
2069,671115716440031232,1436,842,3201008
2070,671109016219725825,1225,478,3201008
2071,670995969505435648,1175,317,3201008
2072,670842764863651840,7989,4324,3201008
2073,670840546554966016,634,213,3201008
2074,670838202509447168,1189,758,3201008
2075,670833812859932673,474,135,3201008
2076,670832455012716544,780,242,3201008
2077,670826280409919488,5961,4485,3201008
2078,670823764196741120,824,205,3201008
2079,670822709593571328,647,105,3201008
2080,670815497391357952,3410,1708,3201008
2081,670811965569282048,1202,295,3201008
2082,670807719151067136,1234,546,3201008
2083,670804601705242624,2098,1035,3201008
2084,670803562457407488,362,95,3201008
2085,670797304698376195,780,262,3201008
2086,670792680469889025,889,298,3201008
2087,670789397210615808,700,255,3201008
2088,670786190031921152,640,218,3201008
2089,670783437142401025,872,431,3201008
2090,670782429121134593,1691,863,3201008
2091,670780561024270336,831,317,3201008
2092,670778058496974848,345,77,3201008
2093,670764103623966721,1154,466,3201008
2094,670755717859713024,475,123,3201008
2095,670733412878163972,1030,558,3201008
2096,670727704916926465,887,403,3201009
2097,670717338665226240,1301,547,3201009
2098,670704688707301377,814,405,3201009
2099,670691627984359425,632,266,3201009
2100,670679630144274432,799,315,3201009
2101,670676092097810432,267,45,3201009
2102,670668383499735048,11452,5537,3201009
2103,670474236058800128,1635,835,3201009
2104,670468609693655041,375,90,3201009
2105,670465786746662913,1048,608,3201009
2106,670452855871037440,580,225,3201009
2107,670449342516494336,1264,729,3201009
2108,670444955656130560,7120,2153,3201009
2109,670442337873600512,690,213,3201009
2110,670435821946826752,1127,570,3201009
2111,670434127938719744,1501,708,3201009
2112,670433248821026816,345,122,3201009
2113,670428280563085312,1484,694,3201009
2114,670427002554466305,551,179,3201009
2115,670421925039075328,1415,709,3201009
2116,670420569653809152,668,342,3201009
2117,670417414769758208,604,350,3201010
2118,670411370698022913,2176,991,3201010
2119,670408998013820928,600,249,3201010
2120,670403879788544000,460,173,3201010
2121,670385711116361728,593,234,3201010
2122,670374371102445568,785,295,3201010
2123,670361874861563904,344,71,3201010
2124,670338931251150849,451,122,3201010
2125,670319130621435904,4110,1359,3201010
2126,670303360680108032,452,151,3201010
2127,670290420111441920,750,315,3201010
2128,670093938074779648,1106,365,3201010
2129,670086499208155136,740,275,3201010
2130,670079681849372674,2390,1373,3201010
2131,670073503555706880,1674,874,3201010
2132,670069087419133954,676,278,3201010
2133,670061506722140161,822,373,3201010
2134,670055038660800512,716,357,3200918
2135,670046952931721218,684,191,3201011
2136,670040295598354432,801,118,3201011
2137,670037189829525505,625,306,3201011
2138,670003130994700288,352,100,3201011
2139,669993076832759809,344,92,3201011
2140,669972011175813120,471,175,3201011
2141,669970042633789440,317,65,3201011
2142,669942763794931712,536,183,3201011
2143,669926384437997569,400,115,3201011
2144,669923323644657664,250,64,3201011
2145,669753178989142016,858,431,3201011
2146,669749430875258880,289,71,3201011
2147,669684865554620416,551,99,3201011
2148,669683899023405056,412,119,3201011
2149,669682095984410625,375,146,3201011
2150,669680153564442624,712,311,3201011
2151,669661792646373376,860,482,3201011
2152,669625907762618368,3769,1963,3201011
2153,669603084620980224,1006,401,3201011
2154,669597912108789760,550,163,3201011
2155,669583744538451968,1587,1017,3201011
2156,669573570759163904,467,156,3201011
2157,669571471778410496,1684,1085,3201011
2158,669567591774625800,248,61,3201011
2159,669564461267722241,413,133,3201011
2160,669393256313184256,383,83,3201012
2161,669375718304980992,1425,792,3201012
2162,669371483794317312,524,196,3201012
2163,669367896104181761,485,172,3201012
2164,669363888236994561,669,252,3201012
2165,669359674819481600,390,134,3201012
2166,669354382627049472,2889,1390,3201012
2167,669353438988365824,687,281,3201012
2168,669351434509529089,474,207,3201012
2169,669328503091937280,1081,452,3201012
2170,669327207240699904,610,127,3201012
2171,669324657376567296,525,223,3201012
2172,669216679721873412,958,422,3201012
2173,669214165781868544,468,183,3201012
2174,669203728096960512,1074,522,3201012
2175,669037058363662336,698,336,3201012
2176,669015743032369152,785,403,3201012
2177,669006782128353280,610,269,3201012
2178,669000397445533696,22118,6965,3201012
2179,668994913074286592,468,254,3201012
2180,668992363537309700,802,381,3201012
2181,668989615043424256,726,356,3201012
2182,668988183816871936,961,516,3201012
2183,668986018524233728,578,183,3201013
2184,668981893510119424,573,340,3201014
2185,668979806671884288,842,382,3201014
2186,668975677807423489,1386,641,3201014
2187,668967877119254528,161,25,3201014
2188,668960084974809088,757,263,3201014
2189,668955713004314625,300,77,3201014
2190,668932921458302977,284,63,3201014
2191,668902994700836864,338,107,3201014
2192,668892474547511297,422,164,3201014
2193,668872652652679168,566,322,3201014
2194,668852170888998912,479,184,3201014
2195,668826086256599040,467,150,3201014
2196,668815180734689280,610,291,3201014
2197,668779399630725120,749,409,3201014
2198,668655139528511488,562,233,3201014
2199,668645506898350081,962,588,3201014
2200,668643542311546881,939,576,3201014
2201,668641109086707712,1145,573,3201014
2202,668636665813057536,1114,528,3201014
2203,668633411083464705,3024,1788,3201014
2204,668631377374486528,763,349,3201014
2205,668627278264475648,341,123,3201014
2206,668625577880875008,417,140,3201014
2207,668623201287675904,1551,851,3201014
2208,668620235289837568,211,45,3201014
2209,668614819948453888,654,341,3201014
2210,668587383441514497,1760,1174,3201014
2211,668567822092664832,265,62,3201014
2212,668544745690562560,561,250,3201014
2213,668542336805281792,497,231,3201014
2214,668537837512433665,265,79,3201014
2215,668528771708952576,496,242,3201014
2216,668507509523615744,345,116,3201014
2217,668496999348633600,436,146,3201014
2218,668484198282485761,453,253,3201014
2219,668480044826800133,491,162,3201015
2220,668466899341221888,936,560,3201015
2221,668297328638447616,656,319,3201015
2222,668291999406125056,264,34,3201015
2223,668286279830867968,535,149,3201015
2224,668274247790391296,886,248,3201015
2225,668268907921326080,592,261,3201015
2226,668256321989451776,1385,667,3201015
2227,668248472370458624,1056,523,3201015
2228,668237644992782336,6614,3100,3201015
2229,668226093875376128,323,115,3201015
2230,668221241640230912,537,215,3201015
2231,668204964695683073,586,206,3201015
2232,668190681446379520,696,210,3201015
2233,668171859951755264,525,208,3201015
2234,668154635664932864,522,336,3201015
2235,668142349051129856,592,306,3201015
2236,668113020489474048,709,265,3201015
2237,667937095915278337,1356,866,3201015
2238,667924896115245057,318,119,3201015
2239,667915453470232577,222,59,3201015
2240,667911425562669056,523,329,3201015
2241,667902449697558528,905,396,3201015
2242,667886921285246976,2011,1180,3201015
2243,667885044254572545,868,530,3201015
2244,667878741721415682,409,127,3201015
2245,667873844930215936,667,440,3201016
2246,667866724293877760,3172,1110,3201016
2247,667861340749471744,253,86,3201016
2248,667832474953625600,303,68,3201016
2249,667806454573760512,1111,535,3201016
2250,667801013445750784,346,101,3201016
2251,667793409583771648,736,358,3201016
2252,667782464991965184,434,261,3201016
2253,667773195014021121,243,61,3201016
2254,667766675769573376,476,243,3201016
2255,667728196545200128,398,162,3201016
2256,667724302356258817,517,341,3201016
2257,667550904950915073,0,37,3201016
2258,667550882905632768,0,34,3201016
2259,667549055577362432,6138,2454,3201016
2260,667546741521195010,355,138,3201016
2261,667544320556335104,917,568,3201016
2262,667538891197542400,220,72,3201016
2263,667534815156183040,866,576,3201016
2264,667530908589760512,501,264,3201016
2265,667524857454854144,1798,1198,3201016
2266,667517642048163840,389,203,3201016
2267,667509364010450944,7148,2272,3201016
2268,667502640335572993,563,231,3201016
2269,667495797102141441,565,294,3201016
2270,667491009379606528,559,242,3201016
2271,667470559035432960,273,102,3201016
2272,667455448082227200,203,66,3201016
2273,667453023279554560,327,96,3201016
2274,667443425659232256,833,620,3201016
2275,667437278097252352,483,257,3201016
2276,667435689202614272,326,89,3201016
2277,667405339315146752,489,234,3201016
2278,667393430834667520,211,60,3201016
2279,667369227918143488,385,173,3201017
2280,667211855547486208,516,258,3201017
2281,667200525029539841,658,282,3201017
2282,667192066997374976,414,115,3201017
2283,667188689915760640,784,449,3201017
2284,667182792070062081,15075,6618,3201017
2285,667177989038297088,200,58,3201017
2286,667176164155375616,640,484,3201017
2287,667174963120574464,262,88,3201017
2288,667171260800061440,235,97,3201017
2289,667165590075940865,2819,1241,3201017
2290,667160273090932737,268,66,3201017
2291,667152164079423490,49720,18285,3201017
2292,667138269671505920,4851,2387,3201017
2293,667119796878725120,346,135,3201018
2294,667090893657276420,349,132,3201018
2295,667073648344346624,425,134,3201018
2296,667070482143944705,88,14,3201018
2297,667065535570550784,175,51,3201018
2298,667062181243039745,227,57,3201018
2299,667044094246576128,198,54,3201018
2300,667012601033924608,471,237,3201018
2301,666996132027977728,258,102,3201018
2302,666983947667116034,2679,1040,3201018
2303,666837028449972224,857,584,3201018
2304,666835007768551424,222,83,3201018
2305,666826780179869698,266,105,3201018
2306,666817836334096384,540,267,3201018
2307,666804364988780544,250,95,3201018
2308,666786068205871104,800,521,3201018
2309,666781792255496192,404,211,3201018
2310,666776908487630848,368,186,3201018
2311,666739327293083650,244,71,3201018
2312,666701168228331520,449,234,3201018
2313,666691418707132416,196,51,3201018
2314,666649482315059201,923,608,3201017
2315,666644823164719104,238,88,3201017
2316,666454714377183233,545,223,3201017
2317,666447344410484738,107,23,3201017
2318,666437273139982337,131,52,3201017
2319,666435652385423360,170,54,3201017
2320,666430724426358785,330,204,3201017
2321,666428276349472768,171,90,3201017
2322,666421158376562688,327,118,3201017
2323,666418789513326592,129,48,3201017
2324,666411507551481857,459,339,3201017
2325,666407126856765440,113,44,3201018
2326,666396247373291520,172,92,3201018
2327,666373753744588802,194,100,3201018
2328,666362758909284353,804,595,3201018
2329,666353288456101888,229,77,3201018
2330,666345417576210432,307,146,3201018
2331,666337882303524864,204,96,3201018
2332,666293911632134144,522,368,3201018
2333,666287406224695296,152,71,3201018
2334,666273097616637952,184,82,3201018
2335,666268910803644416,108,37,3201018
2336,666104133288665088,14765,6871,3201018
2337,666102155909144576,81,16,3201018
2338,666099513787052032,164,73,3201018
2339,666094000022159362,169,79,3201018
2340,666082916733198337,121,47,3201018
2341,666073100786774016,335,174,3201018
2342,666071193221509120,154,67,3201018
2343,666063827256086533,496,232,3201018
2344,666058600524156928,115,61,3201018
2345,666057090499244032,304,146,3201018
2346,666055525042405380,448,261,3201018
2347,666051853826850816,1253,879,3201018
2348,666050758794694657,136,60,3201018
2349,666049248165822465,111,41,3201018
2350,666044226329800704,311,147,3201018
2351,666033412701032449,128,47,3201018
2352,666029285002620928,132,48,3201018
2353,666020888022790149,2535,532,3201018
